A1CF	0
A2M	0
A2ML1	6
A3GALT2	0
A4GALT	1
AAAS	807
AACS	44
AAGAB	4009
AAK1	3911
AAMDC	760
AANAT	0
AAR2	951
AARS1	3372
AARS2	869
AASDH	938
AASDHPPT	1355
AASS	275
AATF	820
AATK	52
ABAT	12
ABCA1	4516
ABCA12	8
ABCA13	0
ABCA2	481
ABCA3	1046
ABCA4	0
ABCA5	563
ABCA7	1132
ABCB1	0
ABCB10	4987
ABCB11	0
ABCB5	0
ABCB6	8621
ABCB7	1049
ABCB8	2040
ABCB9	164
ABCC1	2441
ABCC10	1562
ABCC12	0
ABCC2	79
ABCC3	2574
ABCC4	25
ABCC5	2963
ABCC8	0
ABCC9	0
ABCD2	217
ABCD3	677
ABCD4	363
ABCE1	2623
ABCF1	4330
ABCF3	3211
ABCG1	52
ABCG4	129
ABCG5	2
ABHD1	1096
ABHD10	312
ABHD11	1116
ABHD12	1210
ABHD12B	158
ABHD13	424
ABHD14A	1692
ABHD14B	3596
ABHD15	116
ABHD16A	2052
ABHD16B	0
ABHD17A	12233
ABHD17B	120
ABHD17C	180
ABHD18	613
ABHD2	2828
ABHD3	30
ABHD4	1719
ABHD5	743
ABHD6	35
ABHD8	12
ABI1	1830
ABI2	39
ABI3	1272
ABITRAM	387
ABL1	1228
ABL2	834
ABLIM1	200
ABLIM2	2
ABLIM3	55
ABR	1593
ABRA	0
ABRACL	194
ABRAXAS1	1468
ABRAXAS2	581
ABT1	660
ABTB1	3164
ABTB2	55
ACAA1	1127
ACAA2	1181
ACACA	488
ACACB	515
ACAD10	1236
ACAD11	546
ACAD8	526
ACAD9	446
ACADL	155
ACADM	948
ACADS	604
ACADSB	852
ACADVL	68
ACAN	1
ACAP2	3733
ACAP3	1
ACAT1	365
ACAT2	254
ACBD3	1019
ACBD4	159
ACBD5	1526
ACBD6	822
ACBD7	28
ACCS	172
ACE	4465
ACER1	0
ACER2	162
ACER3	1278
ACHE	9266
ACIN1	7098
ACKR1	511
ACKR2	2
ACKR3	4448
ACKR4	3605
ACLY	1784
ACMSD	2
ACO1	2374
ACO2	2651
ACOD1	226
ACOT11	185
ACOT12	1
ACOT13	257
ACOT7	195
ACOT8	910
ACOT9	2294
ACOX1	1001
ACOX2	6
ACOX3	438
ACP1	484
ACP2	1133
ACP3	0
ACP5	801
ACP6	822
ACP7	764
ACR	0
ACRV1	0
ACSBG1	0
ACSBG2	704
ACSF2	465
ACSF3	300
ACSL1	1494
ACSL3	2124
ACSL4	1925
ACSL5	1
ACSL6	13
ACSS1	5520
ACSS2	2205
ACSS3	0
ACTA1	219
ACTA2	33
ACTB	75484
ACTBL2	0
ACTC1	0
ACTG1	26928
ACTG2	134
ACTL6A	853
ACTL7A	143
ACTL8	1
ACTL9	0
ACTN1	9012
ACTN2	4
ACTN3	2
ACTN4	6416
ACTR10	1762
ACTR1A	1834
ACTR2	1130
ACTR3	3288
ACTR3B	224
ACTR5	790
ACTR6	525
ACTR8	1615
ACTRT3	0
ACVR1	322
ACVR1B	1079
ACVR1C	2
ACVR2A	998
ACVR2B	500
ACVRL1	2
ACY1	1237
ACY3	3
ACYP1	45
ACYP2	31
ADA	273
ADA2	386
ADAD1	31
ADAD2	0
ADAL	1810
ADAM10	2556
ADAM11	10
ADAM12	0
ADAM15	904
ADAM17	2111
ADAM19	303
ADAM22	3
ADAM23	1453
ADAM33	1077
ADAM8	665
ADAM9	198
ADAMTS1	0
ADAMTS10	8
ADAMTS12	5
ADAMTS13	34
ADAMTS14	1
ADAMTS15	0
ADAMTS17	3
ADAMTS18	0
ADAMTS19	0
ADAMTS2	388
ADAMTS3	0
ADAMTS4	530
ADAMTS5	0
ADAMTS6	11
ADAMTS7	1761
ADAMTS8	26
ADAMTS9	2
ADAMTSL1	0
ADAMTSL2	0
ADAMTSL3	0
ADAMTSL4	112
ADAMTSL5	131
ADAP1	142
ADAP2	69
ADAR	5599
ADARB1	714
ADARB2	0
ADAT1	517
ADAT2	322
ADAT3	334
ADCK1	202
ADCK2	1283
ADCK5	1015
ADCY1	2
ADCY10	0
ADCY2	0
ADCY3	196
ADCY4	4
ADCY5	83
ADCY6	3287
ADCY7	554
ADCY8	1
ADCY9	365
ADCYAP1	0
ADCYAP1R1	1
ADD1	4395
ADD2	0
ADD3	9139
ADGB	3
ADGRA1	3
ADGRA2	40
ADGRA3	852
ADGRB1	6
ADGRB2	0
ADGRB3	0
ADGRD1	0
ADGRD2	10
ADGRE5	2397
ADGRF5	0
ADGRG1	6710
ADGRG2	1076
ADGRG3	205
ADGRG5	318
ADGRG6	90
ADGRG7	0
ADGRL1	59
ADGRL2	6
ADGRL3	21
ADGRL4	1
ADGRV1	1
ADHFE1	36
ADI1	293
ADIG	29
ADIPOR1	570
ADIPOR2	485
ADIRF	0
ADK	594
ADM	0
ADM2	0
ADNP2	2292
ADO	338
ADORA1	0
ADORA2A	48
ADORA2B	320
ADORA3	0
ADPGK	1504
ADPRH	589
ADPRHL1	1241
ADPRM	393
ADPRS	1061
ADRA1A	0
ADRA1B	9
ADRA1D	0
ADRA2A	0
ADRA2B	13
ADRA2C	0
ADRB1	17
ADRB2	22
ADRB3	0
ADRM1	2610
ADSL	579
ADSS1	1939
ADSS2	550
AEBP1	248
AEBP2	906
AFAP1	80
AFAP1L1	355
AFAP1L2	33
AFDN	3243
AFF1	4516
AFF2	3730
AFF3	51
AFF4	2571
AFG1L	62
AFG3L2	2026
AFMID	9
AFTPH	1702
AGA	112
AGAP1	285
AGAP2	138
AGAP3	64
AGBL1	0
AGBL2	0
AGBL3	22
AGBL4	0
AGBL5	2997
AGFG1	1958
AGFG2	345
AGGF1	1606
AGK	363
AGL	1644
AGMAT	55
AGMO	0
AGO2	4228
AGO3	304
AGPAT2	681
AGPAT3	93
AGPAT4	633
AGPAT5	1366
AGPS	633
AGR2	0
AGR3	0
AGRN	227
AGT	0
AGTPBP1	1998
AGTR1	0
AGTR2	0
AGXT	0
AGXT2	3
AHCTF1	2254
AHCY	658
AHCYL1	1492
AHCYL2	593
AHDC1	1281
AHI1	1109
AHNAK	12027
AHR	2237
AHRR	0
AHSA1	1735
AHSG	0
AICDA	0
AIDA	1051
AIF1	651
AIF1L	12
AIFM1	693
AIFM2	233
AIFM3	0
AIG1	49
AIMP1	1405
AIMP2	397
AJAP1	0
AJM1	0
AK1	65
AK2	2301
AK3	415
AK4	151
AK5	1
AK6	357
AK7	4
AK8	40
AK9	4
AKAP1	505
AKAP10	902
AKAP11	1944
AKAP12	5
AKAP13	3034
AKAP14	137
AKAP17A	886
AKAP3	0
AKAP5	23
AKAP6	4
AKAP7	298
AKAP8	12833
AKAP8L	3774
AKAP9	3536
AKIP1	1028
AKIRIN2	6959
AKNA	1079
AKNAD1	91
AKR1A1	405
AKR1D1	0
AKR7A2	929
AKT1	750
AKT1S1	2861
AKT2	5716
AKT3	82
ALAD	3174
ALAS1	687
ALAS2	79259
ALCAM	437
ALDH16A1	2154
ALDH18A1	1095
ALDH1A1	0
ALDH1A2	23
ALDH1A3	262
ALDH1L2	3091
ALDH2	20846
ALDH3A2	3123
ALDH3B1	175
ALDH4A1	2954
ALDH5A1	2454
ALDH6A1	585
ALDH7A1	304
ALDH8A1	64
ALDH9A1	593
ALDOA	8146
ALDOC	153
ALG1	174
ALG11	323
ALG12	386
ALG14	56
ALG2	523
ALG3	404
ALG5	613
ALG6	254
ALG8	537
ALG9	638
ALK	0
ALKAL1	0
ALKAL2	10
ALKBH1	395
ALKBH2	48
ALKBH3	541
ALKBH4	824
ALKBH5	13133
ALKBH6	263
ALKBH7	3580
ALKBH8	336
ALLC	0
ALMS1	307
ALOX5	435
ALPK1	53
ALPK2	25
ALPK3	3
ALPL	543
ALS2	738
ALS2CL	151
ALX1	0
ALX3	0
ALX4	0
ALYREF	2077
AMACR	395
AMBN	0
AMBRA1	2565
AMD1	7650
AMDHD1	0
AMDHD2	760
AMER2	1
AMER3	0
AMFR	5496
AMH	77
AMHR2	133
AMIGO1	10
AMIGO2	1
AMIGO3	14
AMMECR1	936
AMMECR1L	1826
AMN	0
AMN1	421
AMOT	703
AMOTL1	0
AMOTL2	30
AMPD1	65
AMPD2	700
AMPD3	318
AMPH	6
AMT	969
AMZ1	8
AMZ2	231
ANAPC1	1531
ANAPC10	184
ANAPC11	501
ANAPC13	440
ANAPC15	274
ANAPC16	967
ANAPC2	1147
ANAPC4	883
ANAPC5	774
ANAPC7	1969
ANGEL1	36
ANGEL2	470
ANGPT1	17
ANGPT2	6
ANGPT4	0
ANGPTL1	2
ANGPTL2	33
ANGPTL3	0
ANGPTL4	34
ANGPTL5	11
ANGPTL6	5
ANGPTL7	1
ANK1	119575
ANK2	6
ANK3	2
ANKAR	250
ANKDD1A	33
ANKDD1B	207
ANKEF1	2
ANKFN1	0
ANKFY1	2620
ANKH	291
ANKIB1	1083
ANKK1	2
ANKLE1	578
ANKLE2	1288
ANKMY1	0
ANKMY2	693
ANKRA2	1500
ANKRD1	1
ANKRD10	318
ANKRD11	5623
ANKRD12	2559
ANKRD13A	4251
ANKRD13B	119
ANKRD13C	1847
ANKRD13D	646
ANKRD16	127
ANKRD17	2448
ANKRD2	6
ANKRD22	84
ANKRD23	145
ANKRD24	403
ANKRD26	288
ANKRD27	767
ANKRD28	540
ANKRD29	39
ANKRD31	0
ANKRD33	0
ANKRD33B	0
ANKRD34A	0
ANKRD34B	90
ANKRD34C	0
ANKRD35	2
ANKRD37	52
ANKRD39	670
ANKRD40	129
ANKRD42	0
ANKRD44	1158
ANKRD45	3
ANKRD46	1909
ANKRD49	190
ANKRD50	1421
ANKRD52	2207
ANKRD53	1
ANKRD54	1159
ANKRD55	1
ANKRD6	209
ANKRD60	0
ANKRD61	36
ANKRD65	0
ANKRD66	1
ANKRD9	1002
ANKS1A	4340
ANKS3	347
ANKS4B	0
ANKS6	471
ANKUB1	1
ANKZF1	2206
ANLN	160
ANO1	15
ANO10	65
ANO2	0
ANO3	2236
ANO4	0
ANO5	2248
ANO6	385
ANO7	1330
ANO8	9
ANO9	14
ANOS1	0
ANP32A	3381
ANP32E	8917
ANTKMT	587
ANTXR1	0
ANTXR2	723
ANTXRL	0
ANXA1	3458
ANXA10	0
ANXA11	2759
ANXA13	0
ANXA2	3306
ANXA3	189
ANXA4	600
ANXA5	1904
ANXA6	1884
ANXA7	1804
ANXA9	0
AOAH	1545
AOC1	0
AOC3	0
AOPEP	651
AP1AR	459
AP1B1	3142
AP1G1	2702
AP1G2	4
AP1M1	1306
AP1M2	224
AP1S2	5367
AP1S3	18
AP2A2	5289
AP2B1	4314
AP2M1	6518
AP2S1	1796
AP3B1	1272
AP3B2	793
AP3D1	3396
AP3M1	782
AP3M2	1580
AP3S1	1462
AP4B1	3793
AP4E1	1503
AP4M1	560
AP4S1	1477
AP5B1	385
AP5M1	1032
AP5S1	109
AP5Z1	1056
APAF1	1193
APBA1	32
APBA2	4
APBA3	838
APBB1	332
APBB2	374
APBB3	4
APC	1980
APC2	1
APCDD1	31
APCDD1L	0
APEH	1417
APELA	1
APEX1	797
APEX2	765
APH1A	698
APH1B	395
API5	5293
APLF	962
APLN	2592
APLNR	0
APLP1	54
APLP2	11221
APOA1	18
APOA2	0
APOA4	1
APOA5	0
APOB	0
APOBEC2	6761
APOBEC4	0
APOC1	0
APOC3	0
APOD	3
APOE	30
APOF	122
APOH	1
APOL3	306
APOLD1	1
APOO	459
APOOL	263
APPBP2	1408
APPL1	1363
APPL2	1674
APRT	1842
APTX	217
AQP1	18712
AQP11	2
AQP3	17
AQP4	0
AQP6	0
AQP8	3
AQP9	0
AQR	1604
AR	0
ARAF	160
ARAP1	1845
ARAP2	206
ARAP3	768
ARC	0
ARCN1	5366
AREG	2
AREL1	3146
ARF1	2208
ARF3	1810
ARF4	2406
ARF5	1046
ARF6	1261
ARFGAP1	1788
ARFGAP2	2597
ARFGAP3	1047
ARFGEF1	1483
ARFGEF2	2390
ARFGEF3	24
ARFIP1	537
ARFIP2	1293
ARFRP1	428
ARG1	9
ARG2	44
ARGLU1	4598
ARHGAP1	4371
ARHGAP10	38
ARHGAP12	1027
ARHGAP15	268
ARHGAP17	6616
ARHGAP18	228
ARHGAP19	112
ARHGAP20	75
ARHGAP21	1042
ARHGAP22	619
ARHGAP23	3046
ARHGAP24	198
ARHGAP25	806
ARHGAP26	328
ARHGAP27	2299
ARHGAP28	19
ARHGAP29	551
ARHGAP30	1614
ARHGAP31	303
ARHGAP32	437
ARHGAP33	1148
ARHGAP35	3052
ARHGAP36	1
ARHGAP39	95
ARHGAP40	0
ARHGAP42	17
ARHGAP44	0
ARHGAP45	7077
ARHGAP5	948
ARHGAP6	252
ARHGAP8	0
ARHGAP9	582
ARHGDIA	2342
ARHGDIB	2649
ARHGDIG	39
ARHGEF1	5077
ARHGEF10	9
ARHGEF10L	68
ARHGEF11	423
ARHGEF12	12513
ARHGEF16	0
ARHGEF17	2
ARHGEF18	2341
ARHGEF19	0
ARHGEF2	4326
ARHGEF25	2
ARHGEF26	4
ARHGEF28	124
ARHGEF3	51
ARHGEF33	1
ARHGEF37	0
ARHGEF38	25
ARHGEF39	134
ARHGEF4	88
ARHGEF40	1
ARHGEF6	1784
ARHGEF7	627
ARHGEF9	2
ARID1A	2968
ARID1B	1192
ARID2	1435
ARID3A	541
ARID3B	1731
ARID3C	0
ARID4A	3606
ARID4B	1717
ARID5A	746
ARID5B	364
ARIH1	3880
ARIH2	2229
ARL1	481
ARL10	468
ARL11	2
ARL13A	44
ARL13B	472
ARL14	16
ARL14EPL	0
ARL15	1244
ARL16	457
ARL2	488
ARL3	120
ARL4A	6928
ARL4C	31
ARL4D	35
ARL5A	635
ARL5B	249
ARL5C	409
ARL6	159
ARL6IP1	1648
ARL6IP4	695
ARL6IP5	578
ARL6IP6	1070
ARL8A	1527
ARL8B	1093
ARL9	215
ARMC1	628
ARMC10	1809
ARMC12	0
ARMC2	6
ARMC3	1
ARMC5	1642
ARMC6	902
ARMC7	499
ARMC8	1018
ARMC9	298
ARMH1	5
ARMH2	11
ARMH3	1388
ARMH4	728
ARMT1	327
ARNT	3394
ARNT2	81
ARNTL	414
ARNTL2	404
ARPC1A	1318
ARPC1B	5513
ARPC2	8952
ARPC3	1397
ARPC4	2901
ARPC5	3882
ARPC5L	883
ARPIN	1165
ARPP19	2456
ARPP21	1
ARR3	0
ARRB1	5944
ARRDC1	3795
ARRDC2	13800
ARRDC3	759
ARRDC4	901
ARRDC5	16
ARSA	1661
ARSB	282
ARSG	1256
ARSI	0
ARSJ	82
ARSK	742
ART1	0
ART4	3358
ARTN	2
ARV1	346
ARVCF	11
ARX	0
AS3MT	955
ASAH1	1800
ASAP1	720
ASAP2	105
ASAP3	558
ASB1	183
ASB10	0
ASB11	0
ASB12	7
ASB13	991
ASB14	211
ASB15	21
ASB16	47
ASB18	0
ASB2	13
ASB3	1215
ASB4	1
ASB5	1
ASB6	1132
ASB7	399
ASB8	757
ASB9	112
ASCC1	1755
ASCC2	1976
ASCC3	915
ASCL1	0
ASCL2	0
ASCL3	57
ASCL4	0
ASF1A	53
ASF1B	1463
ASH1L	4163
ASH2L	991
ASIC1	0
ASIC3	0
ASIC4	9
ASIC5	0
ASL	707
ASMTL	1053
ASNS	746
ASNSD1	382
ASPA	0
ASPDH	0
ASPG	96
ASPH	1208
ASPHD2	565
ASPM	183
ASPN	1
ASPSCR1	1486
ASRGL1	166
ASS1	4331
ASTE1	953
ASTL	2
ASTN1	4
ASTN2	4
ASXL1	1944
ASXL2	3876
ASXL3	497
ASZ1	0
ATAD1	1957
ATAD2	711
ATAD2B	2744
ATAD3A	621
ATAD5	1249
ATAT1	680
ATCAY	0
ATE1	1164
ATF1	1318
ATF2	1176
ATF3	415
ATF4	22019
ATF5	3802
ATF6	1963
ATF6B	5090
ATF7	656
ATF7IP2	371
ATG10	358
ATG101	826
ATG12	912
ATG13	2192
ATG14	929
ATG16L1	2282
ATG16L2	1018
ATG2A	3596
ATG2B	1645
ATG3	1527
ATG4A	780
ATG4B	416
ATG4C	602
ATG4D	1371
ATG5	1195
ATG7	909
ATG9A	7149
ATIC	1214
ATL1	1
ATL2	823
ATL3	2209
ATM	2350
ATMIN	1000
ATN1	73
ATOH1	0
ATOH7	15
ATOH8	0
ATOX1	131
ATP10A	4
ATP10B	0
ATP10D	974
ATP11A	534
ATP11B	2534
ATP11C	2014
ATP12A	0
ATP13A1	1929
ATP13A2	1581
ATP13A3	2720
ATP13A4	0
ATP13A5	0
ATP1A1	3964
ATP1B1	2221
ATP1B3	530
ATP1B4	36
ATP23	263
ATP2A1	3
ATP2A2	2273
ATP2A3	7146
ATP2B1	594
ATP2B2	0
ATP2B4	3673
ATP2C1	1318
ATP2C2	5
ATP4A	0
ATP4B	0
ATP5F1A	2542
ATP5F1B	5635
ATP5F1C	1322
ATP5F1D	1655
ATP5F1E	2955
ATP5IF1	645
ATP5MC1	350
ATP5MC2	4147
ATP5MC3	955
ATP5ME	430
ATP5MF	769
ATP5MG	1012
ATP5MK	295
ATP5PB	1167
ATP5PD	582
ATP5PF	1093
ATP5PO	749
ATP6AP1	1232
ATP6AP1L	2
ATP6AP2	1744
ATP6V0A1	2749
ATP6V0A2	1590
ATP6V0A4	3
ATP6V0B	2207
ATP6V0C	4790
ATP6V0D1	1981
ATP6V0D2	167
ATP6V0E1	1728
ATP6V1A	2440
ATP6V1B1	4
ATP6V1B2	1702
ATP6V1C1	1074
ATP6V1C2	18
ATP6V1D	791
ATP6V1E1	1515
ATP6V1F	707
ATP6V1FNB	0
ATP6V1G1	3304
ATP6V1G3	0
ATP6V1H	891
ATP7A	1556
ATP7B	324
ATP8A1	209
ATP8A2	2
ATP8B1	127
ATP8B2	616
ATP8B3	39
ATP8B4	201
ATP9A	198
ATP9B	564
ATPAF1	521
ATPAF2	498
ATPSCKMT	199
ATR	1170
ATRAID	1507
ATRN	2922
ATRNL1	9
ATRX	5097
ATXN1	937
ATXN10	314
ATXN1L	1382
ATXN2	3196
ATXN2L	4109
ATXN3	1746
ATXN7	5056
ATXN7L1	353
ATXN7L2	335
ATXN7L3	1886
AUH	216
AUP1	2667
AURKA	190
AURKAIP1	432
AURKB	251
AUTS2	31
AVEN	185
AVIL	221
AVL9	572
AVPI1	227
AVPR1A	0
AVPR1B	0
AXDND1	32
AXIN1	1007
AXIN2	54
AXL	27
AZI2	1859
AZIN1	3786
AZIN2	20
B2M	87386
B3GALNT1	1042
B3GALNT2	517
B3GALT1	8
B3GALT2	34
B3GALT4	620
B3GALT5	0
B3GALT6	505
B3GAT1	6
B3GAT2	5
B3GAT3	565
B3GLCT	93
B3GNT2	119
B3GNT3	2
B3GNT4	42
B3GNT5	3
B3GNT7	0
B3GNT8	568
B3GNT9	2
B3GNTL1	77
B4GALNT1	263
B4GALNT3	0
B4GALNT4	11
B4GALT1	5384
B4GALT2	4128
B4GALT3	3873
B4GALT4	247
B4GALT5	2638
B4GALT6	615
B4GALT7	590
B4GAT1	251
B9D1	368
B9D2	159
BAALC	0
BAAT	3
BABAM1	942
BABAM2	397
BACE1	594
BACE2	71
BACH1	8598
BACH2	429
BAD	790
BAG1	647
BAG2	0
BAG3	9
BAG4	1382
BAG5	889
BAHCC1	1134
BAHD1	1475
BAIAP2	95
BAIAP2L1	2
BAIAP2L2	26
BAK1	843
BAMBI	1472
BANF1	1489
BANF2	7
BANK1	351
BAP1	1606
BARD1	251
BARHL1	0
BARHL2	0
BARX1	0
BARX2	0
BASP1	121
BATF	81
BATF2	164
BATF3	58
BAX	591
BAZ1A	2289
BAZ1B	3506
BAZ2A	6329
BAZ2B	658
BBIP1	430
BBOF1	66
BBOX1	174
BBS1	249
BBS10	54
BBS12	31
BBS2	777
BBS4	1039
BBS5	234
BBS7	76
BBS9	503
BBX	1392
BCAM	0
BCAN	0
BCAR1	788
BCAR3	1
BCAS1	13
BCAS2	506
BCAS3	359
BCAS4	37
BCAT1	1141
BCAT2	49
BCDIN3D	193
BCHE	0
BCKDHA	1785
BCKDHB	55
BCKDK	1265
BCL10	1207
BCL11A	2183
BCL11B	399
BCL2	160
BCL2A1	19
BCL2L1	14212
BCL2L10	124
BCL2L11	623
BCL2L12	87
BCL2L13	2507
BCL2L14	583
BCL2L15	2853
BCL6	324
BCL6B	0
BCL7A	291
BCL7B	1190
BCL9	455
BCL9L	961
BCLAF1	2910
BCLAF3	917
BCO1	307
BCO2	548
BCOR	3118
BCORL1	1081
BCR	50
BDH1	216
BDH2	36
BDKRB2	0
BDNF	0
BDP1	1576
BECN1	1866
BEGAIN	0
BEND2	554
BEND3	752
BEND4	59
BEND5	457
BEND6	1
BEND7	1167
BEST1	215
BEST2	41
BEST3	0
BEST4	8
BET1	772
BET1L	1176
BFAR	805
BFSP1	1
BFSP2	2
BGN	0
BHLHA15	6
BHLHA9	0
BHLHE22	0
BHLHE23	0
BHLHE40	747
BHLHE41	10
BHMT	487
BICC1	0
BICD1	12
BICD2	268
BICDL1	0
BICDL2	295
BICRA	2082
BICRAL	1464
BID	3701
BIN1	197
BIN2	4713
BIN3	495
BIRC6	3745
BIRC7	8
BIVM	801
BLK	190
BLM	149
BLMH	2973
BLNK	1035
BLOC1S1	919
BLOC1S2	961
BLOC1S3	656
BLOC1S4	807
BLOC1S5	881
BLOC1S6	3029
BLVRA	20879
BLVRB	55380
BLZF1	837
BMERB1	0
BMF	460
BMP1	0
BMP10	0
BMP15	7
BMP2	2
BMP2K	2664
BMP3	0
BMP4	12
BMP5	0
BMP6	46
BMP7	2
BMPER	0
BMPR1A	1
BMPR1B	0
BMPR2	1074
BMS1	1250
BMT2	462
BMX	0
BNC1	0
BNC2	3
BNIP1	332
BNIP2	2357
BNIP3	1185
BNIP3L	10793
BNIP5	4
BNIPL	1
BOC	7
BOD1	1067
BOD1L1	2648
BOK	756
BOLA1	103
BOLA2B	232
BOLA3	1070
BOLL	0
BOP1	997
BORA	51
BORCS5	255
BORCS6	8
BORCS7	175
BPGM	2707
BPHL	49
BPI	2467
BPIFA1	0
BPIFC	93
BPNT1	522
BPNT2	1061
BPTF	2982
BRAF	1692
BRAT1	421
BRCA1	216
BRCA2	738
BRCC3	1573
BRD1	1986
BRD2	14801
BRD3	1714
BRD3OS	51
BRD4	13688
BRD7	1563
BRD8	2185
BRD9	2533
BRDT	0
BRF1	599
BRF2	501
BRI3	1613
BRICD5	26
BRINP1	0
BRINP2	19
BRINP3	1
BRIP1	330
BRIX1	630
BRK1	1390
BRMS1	1615
BRMS1L	230
BROX	2854
BRPF1	1960
BRPF3	2597
BRS3	15
BRSK1	19
BRSK2	108
BRWD1	2822
BRWD3	1814
BSCL2	1043
BSDC1	2107
BSG	6042
BSN	2
BSND	0
BSPRY	98
BST1	0
BSX	0
BTAF1	2151
BTBD1	1433
BTBD10	960
BTBD11	525
BTBD16	0
BTBD17	0
BTBD18	0
BTBD19	6
BTBD2	2153
BTBD3	747
BTBD6	414
BTBD7	2452
BTBD9	974
BTC	71
BTD	192
BTF3	7803
BTF3L4	7958
BTG1	5814
BTG2	1215
BTG4	0
BTK	993
BTLA	604
BTRC	1038
BUB1	192
BUB1B	188
BUB3	847
BUD13	1948
BUD23	731
BUD31	535
BVES	1915
BYSL	756
BZW1	4225
BZW2	71
C10H15orf39	622
C10H15orf40	1431
C10H15orf48	1058
C10H15orf61	69
C10H15orf65	149
C10H16orf71	22
C10H16orf72	4152
C10H16orf89	0
C10H16orf91	592
C10H7orf26	2609
C10H7orf50	122
C11H21orf58	3
C11H2orf66	4
C11H2orf69	222
C11H2orf76	48
C11H2orf80	3
C12H17orf58	261
C12H17orf67	0
C12H17orf75	731
C12H17orf80	454
C12H6orf136	237
C13H14orf119	339
C13H14orf93	468
C13H20orf204	38
C13H20orf85	0
C13H20orf96	265
C14H16orf46	20
C14H16orf70	1120
C14H16orf87	260
C14H19orf12	63
C15H12orf43	66
C15H12orf65	281
C15H22orf15	0
C15H22orf39	334
C15H5orf52	0
C16H9orf116	8
C16H9orf16	454
C16H9orf43	119
C16H9orf78	2470
C17H17orf50	0
C17H17orf64	0
C17H17orf78	6
C17H17orf97	16
C18H1orf158	0
C18H1orf159	259
C18H1orf167	344
C18H1orf174	2139
C18H1orf50	876
C19H1orf109	320
C19H1orf216	47
C19H1orf232	0
C19H1orf94	0
C1D	956
C1GALT1	975
C1GALT1C1	448
C1H11orf42	0
C1H11orf54	341
C1H11orf65	0
C1H11orf87	0
C1H11orf97	0
C1H12orf29	627
C1H12orf4	3302
C1H12orf40	0
C1H12orf45	479
C1H12orf50	7
C1H12orf57	1616
C1H12orf66	96
C1H12orf73	430
C1H12orf75	5
C1H13orf42	0
C1H21orf62	3
C1H21orf91	968
C1H22orf23	220
C1H2orf49	370
C1H3orf38	1616
C1H3orf52	105
C1H3orf85	0
C1HXorf38	318
C1HXorf58	22
C1QA	1151
C1QB	1209
C1QC	745
C1QL1	0
C1QL2	1
C1QL3	5
C1QL4	0
C1QTNF1	72
C1QTNF12	3
C1QTNF2	0
C1QTNF3	0
C1QTNF4	0
C1QTNF5	0
C1QTNF6	192
C1QTNF7	1
C1QTNF8	0
C1R	0
C1S	0
C20H11orf1	14
C20H11orf52	91
C20H11orf53	7
C21H1orf189	1
C21H1orf43	909
C21H1orf56	0
C22H19orf38	440
C22H19orf53	1074
C22H19orf67	2
C23H19orf47	1338
C23H19orf54	1432
C24H1orf116	1
C24H1orf194	0
C24H1orf74	320
C24H6orf132	0
C24H6orf89	1551
C25H19orf25	1184
C25H19orf44	290
C25H19orf71	0
C26H2orf42	648
C26H2orf68	469
C26H8orf58	6
C27H17orf113	70
C27H17orf98	11
C2CD2	1263
C2CD2L	2587
C2CD3	982
C2CD4C	0
C2CD4D	1
C2CD5	1088
C2CD6	0
C2H10orf67	3
C2H18orf21	240
C2H18orf63	20
C2H1orf35	1464
C2H5orf22	747
C2H5orf49	0
C2H6orf201	0
C2H6orf52	1741
C2H6orf62	4233
C2H7orf25	558
C2H7orf31	5
C2H7orf57	0
C2H8orf34	0
C2H8orf37	264
C2H8orf76	399
C2H8orf82	924
C2H8orf88	0
C2H9orf152	23
C3H1orf100	20
C3H1orf115	1
C3H1orf131	224
C3H1orf198	711
C3H2orf50	0
C3H2orf73	0
C3H6orf118	0
C3H6orf120	234
C3H6orf163	3
C3H6orf58	1
C3H8orf74	0
C4H20orf194	1392
C4H20orf27	1945
C4H2orf81	16
C4H4orf17	0
C4H4orf19	5
C4H4orf33	176
C4H4orf45	1
C4H4orf46	92
C4H4orf47	86
C4H4orf48	15
C4H4orf50	46
C4H4orf54	421
C5	516
C5AR1	742
C5H11orf16	91
C5H11orf24	191
C5H11orf49	104
C5H11orf58	2476
C5H11orf91	0
C5H11orf94	21
C5H11orf96	4
C5H14orf132	0
C5H14orf28	325
C5H14orf39	0
C5H15orf62	43
C6	0
C6H18orf25	1095
C6H18orf32	669
C6H18orf54	611
C6H5orf34	268
C6H5orf51	251
C6H5orf63	411
C6H9orf135	9
C6H9orf24	1
C6H9orf40	654
C6H9orf64	784
C6H9orf85	276
C7	0
C7H10orf105	22
C7H10orf143	1503
C7H10orf53	30
C7H10orf71	0
C7H10orf82	0
C7H10orf88	217
C7H10orf90	0
C7H10orf95	1
C7H11orf68	1020
C7H11orf80	5
C7H11orf86	178
C7H11orf95	65
C7H11orf98	356
C7H3orf14	914
C7H3orf18	541
C7H3orf20	9
C7H3orf62	1
C8A	0
C8B	0
C8G	0
C8H1orf112	840
C8H1orf21	80
C8H1orf210	0
C8H1orf226	5
C8H1orf52	998
C8H1orf53	78
C8H1orf87	0
C8H5orf15	2568
C8H5orf24	905
C8H5orf58	13
C9	19
C9H2orf72	0
C9H3orf33	76
C9H3orf70	769
C9H3orf80	0
C9H8orf48	64
C9HXorf56	868
C9HXorf65	1
C9orf72	595
CA10	0
CA12	3
CA14	0
CA4	0
CA5A	2511
CA6	4
CA7	9
CA8	3
CA9	142
CAAP1	1068
CAB39	2643
CAB39L	1397
CABCOCO1	41
CABIN1	2543
CABLES1	781
CABLES2	1509
CABP1	3
CABP7	1
CABYR	135
CACFD1	100
CACHD1	15
CACNA1A	0
CACNA1B	3
CACNA1C	10
CACNA1D	4
CACNA1E	0
CACNA1F	0
CACNA1G	0
CACNA1H	0
CACNA1I	1
CACNA1S	78
CACNA2D1	0
CACNA2D2	58
CACNA2D3	0
CACNA2D4	23
CACNB1	0
CACNB2	0
CACNB3	3
CACNB4	2
CACNG1	0
CACNG2	0
CACNG3	0
CACNG4	1
CACNG5	1
CACNG6	2
CACNG7	1
CACNG8	1
CACTIN	4322
CACUL1	772
CAD	4316
CADM1	488
CADM2	0
CADM3	0
CADM4	46
CADPS	4
CADPS2	0
CAGE1	0
CALB1	0
CALB2	0
CALCB	0
CALCOCO1	1416
CALCOCO2	5350
CALCR	0
CALCRL	37
CALD1	1340
CALHM1	0
CALHM2	41
CALHM3	0
CALHM6	644
CALM1	3002
CALM2	3258
CALM3	8149
CALML3	0
CALML4	12
CALML6	57
CALN1	12
CALR	7093
CALR3	26
CALU	1111
CALY	0
CAMK1	2335
CAMK1D	1240
CAMK1G	0
CAMK2A	0
CAMK2B	0
CAMK2D	1591
CAMK2G	2495
CAMK2N1	1
CAMK2N2	4
CAMK4	45
CAMKK1	3
CAMKK2	1027
CAMKMT	151
CAMKV	1
CAMLG	329
CAMSAP1	762
CAMSAP2	99
CAMSAP3	1637
CAMTA1	487
CAMTA2	4525
CAND1	2223
CANT1	1071
CANX	5720
CAP1	5291
CAP2	9
CAPG	763
CAPN1	3791
CAPN10	593
CAPN11	3768
CAPN12	4
CAPN13	0
CAPN15	645
CAPN2	92
CAPN3	490
CAPN5	49
CAPN6	0
CAPN7	927
CAPN9	1
CAPNS1	3937
CAPNS2	2
CAPRIN1	3852
CAPRIN2	66
CAPS	10
CAPS2	111
CAPSL	0
CAPZA1	1736
CAPZA2	836
CAPZA3	0
CAPZB	2856
CARD11	247
CARD14	8
CARD19	319
CARD9	2367
CARF	671
CARHSP1	1102
CARM1	3960
CARMIL1	576
CARMIL2	249
CARMIL3	971
CARNS1	172
CARS1	524
CARS2	692
CARTPT	15
CASC3	4413
CASD1	2743
CASK	138
CASKIN1	52
CASKIN2	12
CASP14	0
CASP2	213
CASP3	560
CASP7	2032
CASP8	1443
CASP8AP2	576
CASP9	1867
CASQ1	0
CASQ2	0
CASR	2
CASS4	1266
CAST	6197
CASTOR1	7
CASTOR2	898
CASZ1	228
CAT	454
CATSPER2	37
CATSPER3	1
CATSPER4	0
CATSPERB	0
CATSPERD	0
CATSPERE	109
CATSPERG	22
CAV1	0
CAV2	0
CAV3	30
CAVIN1	57
CAVIN2	6
CAVIN4	0
CBFA2T2	347
CBFA2T3	2801
CBFB	838
CBL	4514
CBLB	723
CBLIF	1
CBLL1	522
CBLN1	6
CBLN2	0
CBLN4	0
CBR4	722
CBWD1	492
CBX1	761
CBX2	6
CBX3	1823
CBX4	537
CBX5	508
CBX6	915
CBX7	1535
CBX8	583
CBY1	237
CBY2	0
CBY3	28
CC2D1A	4752
CC2D1B	1787
CC2D2A	253
CC2D2B	131
CCAR1	2477
CCAR2	3817
CCBE1	32
CCDC102A	156
CCDC102B	0
CCDC103	102
CCDC105	8
CCDC106	381
CCDC107	358
CCDC110	4
CCDC112	525
CCDC113	2
CCDC115	593
CCDC116	0
CCDC117	1437
CCDC12	539
CCDC120	230
CCDC122	0
CCDC124	4968
CCDC125	91
CCDC126	417
CCDC127	1446
CCDC13	64
CCDC130	396
CCDC134	1513
CCDC136	39
CCDC137	492
CCDC138	443
CCDC14	372
CCDC141	0
CCDC142	840
CCDC146	9
CCDC148	0
CCDC149	742
CCDC15	193
CCDC150	416
CCDC152	221
CCDC153	15
CCDC157	184
CCDC158	4
CCDC159	0
CCDC160	0
CCDC166	0
CCDC167	143
CCDC169	57
CCDC17	0
CCDC170	10
CCDC171	751
CCDC172	0
CCDC173	21
CCDC174	2165
CCDC177	0
CCDC178	0
CCDC18	639
CCDC180	249
CCDC181	5
CCDC182	1
CCDC183	0
CCDC185	0
CCDC186	3078
CCDC187	0
CCDC189	33
CCDC190	1
CCDC191	411
CCDC194	1148
CCDC197	2
CCDC198	1
CCDC200	16
CCDC22	4901
CCDC24	72
CCDC25	1520
CCDC27	15
CCDC28A	1577
CCDC28B	44
CCDC3	0
CCDC30	86
CCDC32	589
CCDC33	13
CCDC34	142
CCDC38	0
CCDC39	113
CCDC40	107
CCDC42	0
CCDC43	1019
CCDC47	1280
CCDC50	1946
CCDC51	108
CCDC57	8
CCDC59	399
CCDC6	2895
CCDC60	0
CCDC61	667
CCDC62	354
CCDC63	3
CCDC65	98
CCDC66	1440
CCDC68	0
CCDC69	609
CCDC70	0
CCDC71	464
CCDC71L	195
CCDC73	6
CCDC74B	3
CCDC77	388
CCDC78	21
CCDC80	30
CCDC81	5
CCDC82	1470
CCDC83	0
CCDC85A	0
CCDC85B	441
CCDC85C	0
CCDC86	342
CCDC87	0
CCDC88A	14
CCDC88B	857
CCDC88C	372
CCDC89	7
CCDC9	3088
CCDC90B	1433
CCDC91	9
CCDC92	3
CCDC92B	0
CCDC93	1116
CCDC96	55
CCDC97	946
CCDC9B	2
CCER2	4
CCHCR1	930
CCIN	0
CCK	0
CCKAR	0
CCKBR	0
CCL20	4
CCL22	356
CCL28	0
CCM2	1358
CCM2L	7
CCN1	460
CCN2	669
CCN3	0
CCN4	0
CCN5	0
CCN6	15
CCNA1	0
CCNA2	90
CCNB1	74
CCNB1IP1	209
CCNB2	87
CCNB3	49
CCNC	380
CCND1	5
CCND2	4157
CCND3	4344
CCNDBP1	1451
CCNE1	301
CCNE2	42
CCNF	317
CCNG1	1147
CCNG2	2354
CCNH	374
CCNI	4540
CCNJ	23
CCNJL	70
CCNK	2790
CCNL1	1445
CCNL2	2725
CCNO	0
CCNT1	3188
CCNT2	1109
CCNY	1211
CCNYL1	1029
CCP110	1302
CCPG1	9264
CCR10	0
CCR4	297
CCR7	1260
CCR9	605
CCS	1478
CCSER1	55
CCSER2	15
CCT2	3114
CCT3	1466
CCT4	1947
CCT5	1799
CCT6A	3498
CCT7	3316
CCT8	2569
CCZ1	550
CD101	548
CD109	44
CD151	2716
CD164	1106
CD164L2	14
CD180	260
CD19	510
CD2	334
CD200R1	2414
CD22	968
CD226	105
CD244	1216
CD247	377
CD248	0
CD274	334
CD276	11
CD28	126
CD2BP2	8076
CD300LF	5
CD320	153
CD34	30
CD36	98
CD37	3462
CD38	9
CD3E	1529
CD4	400
CD40	677
CD40LG	377
CD44	6357
CD47	2869
CD48	1085
CD5	318
CD58	7957
CD59	1150
CD5L	0
CD6	207
CD63	2528
CD68	7768
CD74	26904
CD79A	1532
CD79B	919
CD80	166
CD81	1686
CD82	843
CD83	16
CD8A	151
CD8B	4
CD9	2378
CD93	513
CD96	99
CD99L2	47
CDA	136
CDADC1	726
CDAN1	1582
CDC123	349
CDC14A	411
CDC14B	1567
CDC16	656
CDC20	132
CDC20B	0
CDC23	1197
CDC25A	85
CDC25B	4676
CDC25C	51
CDC26	500
CDC27	1725
CDC34	665
CDC37	3802
CDC37L1	702
CDC40	899
CDC42	4316
CDC42BPA	571
CDC42BPB	2472
CDC42BPG	5
CDC42EP1	1382
CDC42EP2	113
CDC42EP3	2
CDC42EP4	24
CDC42EP5	688
CDC42SE1	4382
CDC42SE2	724
CDC45	42
CDC5L	1658
CDC6	107
CDC7	60
CDC73	1575
CDCA2	108
CDCA3	216
CDCA4	315
CDCA5	23
CDCA7	173
CDCA7L	617
CDCA8	154
CDCP1	904
CDCP2	19
CDH10	0
CDH11	26
CDH12	0
CDH13	0
CDH15	13
CDH16	15
CDH17	1
CDH18	0
CDH19	0
CDH2	0
CDH20	0
CDH22	20
CDH24	59
CDH26	6
CDH4	0
CDH5	2
CDH6	0
CDH7	0
CDH8	0
CDHR1	0
CDHR2	22
CDHR3	0
CDHR4	2
CDHR5	6
CDIN1	70
CDIP1	1793
CDIPT	2591
CDK1	53
CDK10	1111
CDK12	1638
CDK13	3495
CDK14	27
CDK15	0
CDK16	2407
CDK17	705
CDK18	53
CDK19	976
CDK2	599
CDK20	1018
CDK2AP1	560
CDK2AP2	450
CDK3	328
CDK4	984
CDK5	878
CDK5R1	2791
CDK5R2	0
CDK5RAP1	1232
CDK5RAP2	2224
CDK5RAP3	2134
CDK6	46
CDK7	549
CDK8	189
CDK9	1243
CDKAL1	280
CDKL1	7
CDKL2	164
CDKL5	180
CDKN1A	2296
CDKN1B	1126
CDKN1C	1565
CDKN2AIPNL	769
CDKN2B	0
CDKN2C	169
CDKN2D	1783
CDKN3	265
CDNF	34
CDO1	0
CDON	225
CDPF1	123
CDR2	52
CDR2L	37
CDRT1	2
CDRT4	0
CDS1	7
CDS2	3393
CDT1	4059
CDV3	3925
CDX1	0
CDX2	0
CDX4	1
CDYL	146
CDYL2	1257
CEACAM19	161
CEBPA	1704
CEBPB	700
CEBPD	1715
CEBPE	195
CEBPG	543
CEBPZ	1168
CEBPZOS	990
CEL	566
CELA3B	0
CELF1	2874
CELF2	677
CELF3	0
CELF4	0
CELF5	3
CELF6	0
CELSR1	5
CELSR2	0
CELSR3	2
CEMIP2	669
CENATAC	1072
CEND1	0
CENPC	224
CENPE	192
CENPF	262
CENPH	43
CENPI	55
CENPJ	789
CENPK	21
CENPL	14
CENPM	187
CENPN	435
CENPO	69
CENPQ	152
CENPT	65
CENPU	308
CENPV	433
CENPW	52
CENPX	615
CEP104	2389
CEP112	214
CEP120	609
CEP126	251
CEP128	46
CEP131	3909
CEP135	87
CEP152	296
CEP162	619
CEP164	1381
CEP170	782
CEP170B	14
CEP19	133
CEP20	280
CEP250	2092
CEP290	1473
CEP295	824
CEP350	3281
CEP41	26
CEP43	314
CEP44	247
CEP55	30
CEP57	2868
CEP57L1	11
CEP63	600
CEP68	200
CEP70	215
CEP72	1240
CEP76	184
CEP78	196
CEP83	188
CEP85	439
CEP85L	136
CEP89	588
CEP95	163
CEP97	440
CEPT1	1483
CER1	0
CERCAM	3
CERK	1198
CERKL	10
CERS1	141
CERS2	1728
CERS3	11
CERS5	629
CERS6	75
CERT1	2299
CETN3	349
CFAP100	8
CFAP126	32
CFAP157	52
CFAP161	4
CFAP20	1271
CFAP206	0
CFAP20DC	444
CFAP221	1
CFAP251	1
CFAP298	326
CFAP299	0
CFAP300	38
CFAP36	78
CFAP410	679
CFAP43	32
CFAP44	3
CFAP45	57
CFAP46	0
CFAP47	0
CFAP52	1
CFAP53	113
CFAP54	1
CFAP57	51
CFAP58	7
CFAP65	0
CFAP69	8
CFAP70	16
CFAP73	554
CFAP74	147
CFAP77	0
CFAP91	8
CFAP92	4
CFAP94	67
CFAP97	356
CFAP97D1	4
CFAP97D2	9
CFAP99	0
CFDP1	401
CFH	26
CFI	0
CFL1	2994
CFL2	227
CFLAR	1286
CFTR	0
CGA	0
CGAS	65
CGGBP1	559
CGN	86
CGNL1	1
CGREF1	358
CGRRF1	1016
CH25H	76
CHAC1	42
CHAC2	43
CHAD	7
CHADL	52
CHAF1A	189
CHAF1B	454
CHAMP1	2414
CHAT	1
CHCHD1	561
CHCHD10	126
CHCHD2	2530
CHCHD3	2003
CHCHD4	397
CHCHD5	395
CHCHD6	363
CHCHD7	589
CHD1	3651
CHD1L	721
CHD2	5672
CHD3	6851
CHD4	3840
CHD5	59
CHD6	1350
CHD7	127
CHD8	2708
CHD9	3712
CHDH	34
CHEK1	90
CHEK2	204
CHFR	1440
CHGA	65
CHGB	3
CHIC1	340
CHIC2	663
CHID1	136
CHKA	419
CHKB	539
CHL1	1
CHM	536
CHMP1A	2458
CHMP1B	1166
CHMP2A	2638
CHMP2B	6313
CHMP4B	2272
CHMP4C	1
CHMP5	1720
CHMP6	530
CHMP7	1436
CHN1	14
CHN2	371
CHODL	0
CHORDC1	1656
CHP1	1006
CHPF	612
CHPF2	1539
CHPT1	283
CHRAC1	1353
CHRD	0
CHRDL1	0
CHRDL2	0
CHRFAM7A	10
CHRM1	0
CHRM2	0
CHRM3	1
CHRM4	0
CHRM5	0
CHRNA1	0
CHRNA10	3
CHRNA2	0
CHRNA3	0
CHRNA4	0
CHRNA5	1
CHRNA6	0
CHRNA9	8
CHRNB1	1
CHRNB2	0
CHRNB3	1
CHRNB4	0
CHRND	0
CHRNE	13
CHRNG	0
CHST1	0
CHST10	52
CHST11	1
CHST12	477
CHST13	164
CHST14	469
CHST15	564
CHST2	621
CHST3	96
CHST4	3
CHST7	97
CHST8	0
CHST9	0
CHSY1	279
CHSY3	0
CHTF18	305
CHTF8	400
CHUK	1685
CHURC1	400
CIAO1	1666
CIAO2A	879
CIAO2B	1450
CIAO3	872
CIAPIN1	2641
CIART	64
CIB1	3357
CIB2	2
CIB3	9
CIBAR1	43
CIBAR2	0
CIC	8109
CIDEA	150
CIDEB	2
CIDEC	3
CIITA	372
CILK1	395
CILP2	4
CIP2A	449
CIPC	105
CIR1	1130
CISD1	33
CISD2	232
CISD3	268
CISH	12917
CIT	190
CITED1	25
CITED2	1999
CITED4	1100
CIZ1	1668
CKAP2	153
CKAP2L	1088
CKAP4	308
CKAP5	2732
CKB	1
CKM	0
CKMT2	2
CKS1B	339
CKS2	19
CLASP1	2282
CLASP2	1352
CLBA1	75
CLCC1	359
CLCF1	0
CLCN1	0
CLCN2	0
CLCN3	1449
CLCN4	0
CLCN6	1158
CLCN7	2750
CLDN1	0
CLDN10	2
CLDN11	12
CLDN12	52
CLDN14	0
CLDN15	0
CLDN16	0
CLDN18	0
CLDN19	32
CLDN2	1
CLDN20	29
CLDN23	0
CLDN25	3
CLDN5	694
CLDND1	930
CLEC14A	0
CLEC16A	1040
CLEC18C	3
CLEC19A	0
CLEC3A	0
CLEC3B	2
CLEC4A	9
CLGN	9
CLHC1	141
CLIC1	2751
CLIC2	4587
CLIC3	0
CLIC4	1354
CLIC5	178
CLIC6	0
CLINT1	2417
CLIP1	1234
CLIP2	440
CLIP3	17
CLIP4	287
CLK1	4990
CLK3	1526
CLK4	859
CLMN	0
CLN3	272
CLN5	1333
CLN6	873
CLNK	2
CLNS1A	1236
CLOCK	792
CLP1	353
CLPB	259
CLPS	0
CLPTM1	3296
CLPTM1L	1115
CLPX	1362
CLRN1	0
CLRN2	0
CLRN3	19
CLSPN	956
CLSTN1	1032
CLSTN2	0
CLSTN3	74
CLTA	1192
CLTB	967
CLTC	6443
CLU	45
CLUAP1	135
CLUH	3343
CLUL1	0
CLVS1	2
CLVS2	0
CLYBL	157
CMAS	2069
CMC1	239
CMC2	447
CMC4	200
CMKLR1	15
CMPK1	827
CMPK2	432
CMSS1	375
CMTM3	488
CMTM4	4171
CMTM5	0
CMTM6	950
CMTM7	452
CMTM8	7
CMTR1	2457
CMTR2	1424
CMYA5	2
CNBD1	0
CNBD2	97
CNDP2	562
CNEP1R1	1001
CNFN	1
CNGA1	1
CNGA2	4
CNGA3	18
CNGA4	0
CNGB1	1
CNGB3	0
CNIH1	1035
CNIH2	3
CNIH3	1
CNIH4	298
CNKSR1	151
CNKSR2	0
CNKSR3	176
CNMD	2
CNN1	7
CNN2	2538
CNN3	1064
CNNM1	15
CNNM2	50
CNNM3	4271
CNNM4	590
CNOT1	8238
CNOT10	1051
CNOT11	1809
CNOT2	1045
CNOT3	5456
CNOT4	1625
CNOT6	3396
CNOT6L	2256
CNOT7	1827
CNOT8	1577
CNOT9	1747
CNPPD1	5058
CNPY1	0
CNPY2	490
CNPY3	3250
CNR1	0
CNR2	517
CNRIP1	15
CNST	3454
CNTD1	255
CNTF	0
CNTFR	1
CNTLN	218
CNTN1	1
CNTN2	18
CNTN4	0
CNTN5	9
CNTNAP1	146
CNTNAP2	1
CNTNAP4	5
CNTNAP5	3
CNTRL	1634
CNTROB	915
COASY	1795
COBL	0
COBLL1	3
COCH	1
COG1	3503
COG2	676
COG3	2112
COG4	1482
COG5	255
COG6	453
COG7	1993
COG8	1453
COIL	862
COL10A1	1
COL11A1	0
COL11A2	1
COL12A1	2
COL13A1	40
COL14A1	2
COL15A1	1
COL16A1	14660
COL17A1	0
COL18A1	2
COL19A1	9
COL1A1	0
COL1A2	75
COL20A1	235
COL21A1	1
COL22A1	1
COL23A1	2
COL24A1	257
COL25A1	0
COL26A1	4
COL27A1	6
COL28A1	0
COL2A1	19
COL3A1	1
COL4A1	2
COL4A2	0
COL4A3	240
COL4A5	5
COL4A6	7
COL5A1	0
COL5A2	20
COL5A3	4
COL6A1	0
COL6A2	2
COL6A3	0
COL6A6	1
COL7A1	72
COL8A1	0
COL8A2	46
COL9A1	0
COL9A2	0
COL9A3	1784
COLCA2	1
COLEC10	0
COLEC11	57
COLEC12	2
COLGALT1	654
COLGALT2	0
COLQ	5
COMMD1	876
COMMD10	752
COMMD2	602
COMMD3	397
COMMD4	693
COMMD6	795
COMMD7	787
COMMD8	630
COMMD9	482
COMT	4148
COMTD1	74
COP1	1006
COPA	7687
COPB1	1893
COPB2	2999
COPE	1401
COPG1	2868
COPG2	2523
COPRS	0
COPS2	1299
COPS3	1726
COPS4	903
COPS5	2177
COPS6	3404
COPS7A	2670
COPS7B	868
COPS8	1529
COPS9	1079
COPZ1	1069
COPZ2	61
COQ10A	149
COQ10B	777
COQ2	253
COQ3	909
COQ4	940
COQ5	540
COQ6	597
COQ7	424
COQ8A	5575
COQ8B	783
COQ9	1145
CORIN	5
CORO1A	3208
CORO1B	1880
CORO1C	3237
CORO2A	1
CORO2B	17
CORO6	9
CORO7	1494
COTL1	3838
CPA6	0
CPAMD8	201
CPB2	6
CPD	7041
CPE	100
CPEB1	2
CPEB2	2983
CPEB3	392
CPEB4	5225
CPED1	0
CPLANE1	190
CPLANE2	776
CPLX1	169
CPLX2	3
CPLX3	0
CPLX4	0
CPM	19
CPN1	40
CPN2	165
CPNE1	8513
CPNE2	1409
CPNE3	529
CPNE4	0
CPNE6	23
CPNE7	0
CPNE8	1067
CPNE9	8
CPO	2
CPOX	6874
CPPED1	232
CPQ	131
CPS1	0
CPSF1	3203
CPSF2	1318
CPSF3	2339
CPSF4	1125
CPSF4L	0
CPSF6	2455
CPSF7	2836
CPT1A	398
CPT1B	0
CPT2	277
CPVL	13
CPXM1	164
CPXM2	10
CPZ	38
CRABP1	1
CRABP2	0
CRACD	71
CRACDL	0
CRACR2A	57
CRACR2B	126
CRADD	109
CRAMP1	1389
CRAT	732
CRB1	1
CRB2	56
CRB3	21
CRBN	958
CREB1	1746
CREB3	2237
CREB3L1	90
CREB3L2	305
CREB3L3	0
CREB3L4	431
CREB5	13
CREBL2	2114
CREBRF	3518
CREBZF	1640
CREG1	30634
CREG2	0
CRELD1	278
CRELD2	504
CREM	121
CRH	0
CRHR1	0
CRHR2	0
CRIM1	55
CRIP1	462
CRIP2	5
CRIPT	1661
CRISPLD1	0
CRISPLD2	375
CRK	944
CRKL	3402
CRLF1	15
CRLF2	1
CRLF3	901
CRLS1	1214
CRMP1	1
CRNKL1	1022
CROCC	244
CROT	592
CRPPA	182
CRTAC1	1
CRTAM	14
CRTC1	512
CRTC2	2752
CRY1	6235
CRY2	2354
CRYAA	0
CRYAB	2
CRYBA1	8
CRYBA2	0
CRYBA4	1
CRYBB1	0
CRYBB2	2
CRYBG1	0
CRYBG2	2
CRYBG3	212
CRYGN	0
CRYGS	47
CRYL1	440
CRYM	16
CRYZ	753
CRYZL1	325
CS	8673
CSAD	4
CSDC2	2014
CSDE1	19424
CSE1L	1078
CSF1	113
CSF1R	2846
CSF3	418
CSF3R	5002
CSGALNACT1	36
CSGALNACT2	862
CSK	1751
CSKMT	22
CSMD1	0
CSMD2	0
CSMD3	0
CSNK1A1	5253
CSNK1D	1467
CSNK1G1	949
CSNK1G2	2683
CSNK1G3	419
CSNK2A1	1295
CSNK2A2	3986
CSNK2B	2473
CSPG4	0
CSPG5	1
CSPP1	1021
CSRNP1	234
CSRNP2	1959
CSRNP3	4
CSRP1	4670
CSRP2	738
CSRP3	3
CST3	7293
CST7	81
CSTF1	2349
CSTF2	2945
CSTF3	846
CTBP1	4884
CTBP2	532
CTBS	634
CTC1	1133
CTCF	2496
CTCFL	77
CTDP1	1575
CTDSP1	3264
CTDSP2	2506
CTDSPL	3597
CTDSPL2	730
CTF1	1
CTH	342
CTHRC1	2
CTIF	475
CTNNA1	2469
CTNNA2	0
CTNNA3	0
CTNNAL1	181
CTNNB1	4851
CTNNBIP1	1265
CTNNBL1	839
CTNND1	1254
CTNND2	66
CTNS	426
CTPS1	1999
CTPS2	1563
CTR9	1841
CTRL	11
CTSA	4529
CTSB	7485
CTSC	2938
CTSD	13489
CTSE	0
CTSF	221
CTSH	4569
CTSK	372
CTSL	1534
CTSO	742
CTSW	80
CTSZ	21073
CTTN	1978
CTTNBP2	24
CTTNBP2NL	81
CTU2	1626
CTXN1	0
CTXN2	0
CTXN3	1
CTXND1	0
CTXND2	0
CUBN	26
CUEDC1	11
CUEDC2	602
CUL1	1324
CUL2	935
CUL3	2800
CUL4A	3139
CUL4B	4255
CUL5	3670
CUTA	557
CUTC	735
CUX1	2159
CUX2	0
CWC15	1059
CWC22	741
CWC25	878
CWC27	625
CWF19L1	809
CWF19L2	851
CWH43	0
CX3CR1	204
CXADR	0
CXCL12	3
CXCL14	0
CXCR3	21
CXCR4	665
CXCR5	218
CXCR6	49
CXXC1	1469
CXXC4	0
CXXC5	405
CYFIP1	3533
CYFIP2	1167
CYGB	204
CYHR1	1328
CYLD	1469
CYP1A	0
CYP2J19	0
CYREN	477
CYRIA	421
CYRIB	1331
CYS1	0
CYSLTR1	22
CYTH1	2855
CYTH2	523
CYTH3	22
CYTH4	188
CYTL1	0
CYYR1	2
CZIB	807
D2HGDH	671
DAAM1	991
DAAM2	1
DAB1	2
DAB2	1161
DACH1	4
DACH2	0
DACT1	149
DACT2	3
DACT3	20
DAD1	2138
DAG1	1287
DAGLA	27
DAGLB	1180
DALRD3	379
DAO	0
DAP3	543
DAPK1	4819
DAPK2	20
DAPK3	1082
DAPL1	206
DAPP1	499
DARS1	1151
DARS2	920
DAW1	0
DAXX	1132
DAZAP1	2533
DAZAP2	3546
DAZL	0
DBF4	410
DBF4B	190
DBH	0
DBI	490
DBN1	32
DBNDD1	487
DBNDD2	38
DBNL	3606
DBR1	1261
DBT	247
DBX1	1
DBX2	2
DCAF1	1771
DCAF10	2667
DCAF11	22895
DCAF12	2825
DCAF13	1886
DCAF15	1782
DCAF17	1154
DCAF4	1504
DCAF5	2075
DCAF6	2425
DCAF7	800
DCAF8	7015
DCAKD	961
DCBLD1	3
DCBLD2	411
DCC	0
DCDC1	2
DCDC2	2
DCDC2B	28
DCDC2C	0
DCHS1	352
DCHS2	1
DCK	134
DCLK1	1
DCLK2	4
DCLK3	2413
DCLRE1A	535
DCLRE1B	374
DCLRE1C	899
DCN	0
DCP1A	666
DCP1B	547
DCP2	2966
DCPS	132
DCST1	2
DCST2	0
DCT	0
DCTD	54
DCTN1	3964
DCTN2	2328
DCTN3	749
DCTN4	1992
DCTN5	429
DCTN6	595
DCTPP1	26
DCUN1D1	671
DCUN1D2	2590
DCUN1D3	334
DCUN1D4	390
DCUN1D5	1053
DCX	0
DCXR	531
DDA1	2481
DDAH1	574
DDAH2	992
DDB1	7190
DDB2	1475
DDC	491
DDHD1	813
DDHD2	1222
DDIAS	1270
DDIT3	161
DDIT4	2884
DDIT4L	0
DDO	5
DDOST	3069
DDR1	2
DDR2	186
DDRGK1	914
DDX1	2147
DDX10	508
DDX11	644
DDX17	24288
DDX18	1401
DDX20	1085
DDX23	9410
DDX24	954
DDX25	12
DDX27	1123
DDX28	339
DDX31	204
DDX39A	1693
DDX3X	23489
DDX4	37
DDX41	3481
DDX42	4623
DDX43	0
DDX46	7483
DDX47	706
DDX49	2516
DDX5	6907
DDX51	958
DDX52	973
DDX54	2219
DDX55	331
DDX56	659
DDX58	2357
DDX59	1281
DDX6	14558
DEAF1	1301
DECR1	466
DECR2	491
DEDD	2734
DEDD2	3815
DEF6	610
DEF8	3025
DEGS1	1029
DEGS2	14
DEK	3733
DELE1	1198
DENND10	1571
DENND11	852
DENND1A	851
DENND1B	947
DENND1C	416
DENND2A	623
DENND2B	11
DENND2C	5526
DENND2D	513
DENND3	4435
DENND4A	1606
DENND4B	7161
DENND4C	2206
DENND5A	4427
DENND5B	50
DENND6A	994
DENND6B	2575
DENR	498
DEPDC1	23
DEPDC1B	10
DEPDC4	375
DEPDC5	1852
DEPDC7	3
DEPP1	0
DEPTOR	38
DERA	1197
DERL1	1965
DERL2	451
DERL3	1096
DERPC	1378
DES	4
DESI1	568
DESI2	839
DET1	710
DEUP1	0
DEXI	75
DFFA	1248
DFFB	856
DGAT1	2177
DGAT2	143
DGCR2	1643
DGCR8	1636
DGKA	467
DGKB	0
DGKD	1739
DGKE	782
DGKG	132
DGKH	232
DGKI	1
DGKK	1195
DGKQ	1830
DGKZ	5286
DGLUCY	632
DGUOK	189
DHCR24	314
DHCR7	61
DHDDS	1479
DHDH	6
DHFR	1129
DHH	0
DHODH	326
DHPS	3688
DHRS1	947
DHRS11	15
DHRS12	858
DHRS13	257
DHRS3	182
DHRS7	2664
DHRS7B	863
DHRS7C	0
DHRSX	78
DHTKD1	176
DHX15	1391
DHX16	3254
DHX29	607
DHX30	1129
DHX32	0
DHX33	908
DHX34	1117
DHX35	605
DHX36	756
DHX37	645
DHX38	4544
DHX40	601
DHX57	1208
DHX58	1299
DHX8	2520
DHX9	3132
DIABLO	1027
DIAPH1	5799
DIAPH2	1391
DIAPH3	34
DICER1	790
DIDO1	2625
DIMT1	462
DIO1	48
DIO2	0
DIO3	0
DIP2A	1877
DIP2B	7119
DIP2C	0
DIPK1A	846
DIPK1B	15
DIPK1C	347
DIPK2A	105
DIPK2B	1025
DIRAS1	5
DIRAS2	0
DIRAS3	3
DIS3	1145
DIS3L	910
DIS3L2	1584
DISC1	203
DISP1	175
DISP2	0
DISP3	4
DIXDC1	118
DKC1	2125
DKK1	1
DKK2	0
DKK3	7
DKK4	89
DKKL1	248
DLAT	696
DLD	1156
DLEC1	46
DLEU7	0
DLG1	1489
DLG2	0
DLG3	1874
DLG5	1314
DLGAP1	1
DLGAP2	4
DLGAP3	0
DLGAP4	2120
DLGAP5	153
DLK1	1
DLK2	0
DLL1	0
DLL3	16
DLL4	1
DLST	3364
DLX1	1
DLX2	0
DLX3	1
DLX4	0
DLX5	0
DLX6	0
DMAC1	434
DMAC2	444
DMAC2L	432
DMAP1	365
DMBT1	2
DMBX1	0
DMC1	401
DMD	0
DMGDH	22
DMP1	3
DMPK	0
DMRT1	0
DMRT2	0
DMRT3	0
DMRTA1	1
DMRTA2	0
DMRTB1	6
DMTF1	510
DMTN	37429
DMWD	1533
DMXL1	1802
DMXL2	1547
DNA2	80
DNAAF1	8
DNAAF2	316
DNAAF3	17
DNAAF4	100
DNAAF5	684
DNAAF6	34
DNAH1	7
DNAH10	18
DNAH11	1
DNAH12	596
DNAH14	10
DNAH17	125
DNAH2	14
DNAH3	471
DNAH5	0
DNAH6	0
DNAH7	50
DNAH8	2
DNAH9	12
DNAI1	0
DNAI2	7
DNAI3	0
DNAI4	1
DNAJA1	4308
DNAJA2	1768
DNAJA3	799
DNAJA4	349
DNAJB1	1674
DNAJB11	476
DNAJB12	853
DNAJB13	21
DNAJB14	1249
DNAJB4	76
DNAJB5	511
DNAJB6	2491
DNAJB8	0
DNAJB9	486
DNAJC1	151
DNAJC10	259
DNAJC11	976
DNAJC12	1
DNAJC13	2037
DNAJC14	3187
DNAJC15	352
DNAJC16	858
DNAJC17	369
DNAJC18	302
DNAJC19	877
DNAJC2	668
DNAJC21	907
DNAJC22	49
DNAJC24	378
DNAJC25	150
DNAJC27	546
DNAJC28	213
DNAJC3	108
DNAJC30	123
DNAJC4	367
DNAJC5	689
DNAJC5B	5
DNAJC5G	2392
DNAJC6	0
DNAJC7	1755
DNAJC8	1809
DNAJC9	504
DNAL1	60
DNAL4	436
DNALI1	1032
DNASE1L3	3
DNASE2	952
DNASE2B	228
DND1	30
DNER	0
DNLZ	299
DNM1	523
DNM1L	965
DNM2	15524
DNM3	14
DNMT1	3316
DNMT3A	782
DNMT3B	2120
DNMT3L	0
DNTT	0
DNTTIP1	1693
DNTTIP2	1502
DOC2A	0
DOC2B	50
DOCK1	425
DOCK10	1216
DOCK11	1962
DOCK2	703
DOCK3	2
DOCK4	66
DOCK5	260
DOCK6	635
DOCK7	138
DOCK8	1090
DOCK9	734
DOHH	801
DOK1	935
DOK2	1299
DOK3	548
DOK4	195
DOK5	0
DOK6	1
DOK7	0
DOLK	79
DOLPP1	554
DONSON	178
DOP1A	848
DOP1B	1256
DOT1L	3835
DPAGT1	327
DPCD	345
DPEP1	1
DPF1	6
DPF2	1633
DPF3	904
DPH1	496
DPH2	59
DPH3	433
DPH5	490
DPH6	80
DPH7	1327
DPM1	951
DPM2	646
DPM3	343
DPP10	0
DPP3	434
DPP4	210
DPP6	77
DPP7	1176
DPP8	2519
DPP9	2592
DPT	2
DPY19L1	272
DPY19L3	91
DPY19L4	813
DPY30	685
DPYD	0
DPYS	0
DPYSL2	589
DPYSL3	177
DPYSL4	0
DPYSL5	3
DQX1	779
DR1	1181
DRAM1	116
DRAM2	698
DRAP1	1056
DRAXIN	0
DRC1	151
DRC3	128
DRC7	2
DRD1	0
DRD2	0
DRD3	6
DRD4	1
DRD5	0
DRG1	834
DRG2	1364
DRGX	0
DROSHA	1703
DRP2	0
DSCAM	9
DSCAML1	100
DSCC1	203
DSEL	0
DSN1	371
DST	21
DSTN	5358
DSTYK	1280
DTD1	679
DTD2	126
DTHD1	1
DTL	38
DTNA	0
DTNB	2413
DTNBP1	1198
DTWD1	138
DTWD2	124
DTX1	467
DTX2	1312
DTX3	294
DTX3L	3431
DTX4	50
DTYMK	953
DUOXA2	0
DUS1L	678
DUS2	480
DUS3L	683
DUS4L	487
DUSP1	464
DUSP10	115
DUSP11	657
DUSP12	1163
DUSP14	5
DUSP15	0
DUSP16	253
DUSP18	1
DUSP19	145
DUSP2	104
DUSP23	795
DUSP26	0
DUSP28	0
DUSP3	317
DUSP4	44
DUSP5	1239
DUSP6	74
DUSP7	2091
DUSP8	5
DUT	100
DVL1	525
DVL3	57
DYM	1547
DYNC1H1	5296
DYNC1I1	1
DYNC1I2	2181
DYNC1LI1	247
DYNC1LI2	1280
DYNC2H1	299
DYNC2I1	752
DYNC2I2	986
DYNC2LI1	39
DYNLL1	2078
DYNLL2	1082
DYNLRB1	908
DYNLRB2	53
DYNLT1	149
DYNLT2	27
DYNLT2B	241
DYNLT3	3588
DYNLT4	0
DYNLT5	3
DYRK1A	3737
DYRK2	210
DYRK3	1611
DYRK4	0
DYSF	0
DYTN	0
DZANK1	45
DZIP1	1
DZIP1L	0
E2F1	774
E2F2	494
E2F3	23
E2F4	3070
E2F5	461
E2F6	796
E2F7	20
E2F8	95
E4F1	2491
EAF1	1638
EAF2	120
EARS2	552
EBAG9	868
EBF1	141
EBF2	4
EBF3	1
EBF4	57
EBI3	78
EBNA1BP2	848
EBPL	149
ECD	685
ECE1	978
ECE2	0
ECEL1	21
ECH1	1511
ECHDC1	40
ECHDC2	291
ECHDC3	71
ECHS1	787
ECI1	663
ECI2	442
ECM1	21944
ECM2	1
ECPAS	3780
ECRG4	8
ECSCR	2
ECSIT	651
ECT2	59
ECT2L	383
EDA	4
EDA2R	9
EDAR	2
EDARADD	21
EDC3	868
EDC4	4435
EDEM1	3703
EDEM3	2035
EDF1	2235
EDIL3	1
EDN1	61
EDN2	0
EDN3	0
EDNRA	0
EDNRB	1
EDRF1	1969
EEA1	3159
EED	224
EEF1A1	150073
EEF1A2	0
EEF1AKMT1	227
EEF1AKMT2	778
EEF1AKMT3	31
EEF1AKMT4	32
EEF1AKNMT	742
EEF1B2	1782
EEF1D	7281
EEF1E1	561
EEF1G	20169
EEF2	76539
EEF2K	1838
EEF2KMT	139
EEFSEC	361
EEPD1	451
EFCAB1	16
EFCAB10	49
EFCAB11	149
EFCAB12	8
EFCAB14	11749
EFCAB2	0
EFCAB3	20
EFCAB5	28
EFCAB6	0
EFCAB7	2092
EFCAB8	55
EFCAB9	1
EFCC1	0
EFEMP1	0
EFEMP2	1
EFHB	0
EFHC1	140
EFHC2	4
EFHD1	30
EFHD2	1136
EFL1	851
EFNA1	0
EFNA2	25
EFNA3	12
EFNA4	2
EFNA5	12
EFNB1	4
EFNB2	6
EFNB3	0
EFR3A	977
EFR3B	276
EFS	14
EFTUD2	4910
EGF	0
EGFL6	0
EGFL7	5
EGFLAM	0
EGFR	1
EGLN1	1020
EGLN3	156
EGR1	48
EGR2	13
EGR3	17
EGR4	0
EHBP1	970
EHBP1L1	8453
EHD1	959
EHD2	13
EHD3	18
EHD4	1971
EHF	0
EHHADH	702
EHMT1	1993
EI24	432
EIF1	14208
EIF1AD	810
EIF1AX	2311
EIF1B	1642
EIF2A	716
EIF2AK1	129
EIF2AK2	685
EIF2AK3	457
EIF2AK4	1764
EIF2B1	324
EIF2B2	1433
EIF2B3	440
EIF2B4	1451
EIF2B5	1050
EIF2D	674
EIF2S1	1324
EIF2S2	1842
EIF2S3	2500
EIF3A	10670
EIF3B	4426
EIF3D	3949
EIF3E	3683
EIF3F	2757
EIF3G	3265
EIF3H	2129
EIF3I	2541
EIF3J	684
EIF3K	1491
EIF3L	4619
EIF3M	1077
EIF4A1	5253
EIF4A2	9503
EIF4A3	3094
EIF4B	21133
EIF4E	983
EIF4E1B	0
EIF4E2	1027
EIF4E3	443
EIF4EBP1	569
EIF4EBP2	680
EIF4EBP3	106
EIF4ENIF1	2612
EIF4G1	9938
EIF4G2	9187
EIF4G3	1560
EIF4H	6931
EIF5	30904
EIF5A2	1570
EIF5B	2789
EIF6	1593
EIPR1	158
ELAC1	272
ELAC2	923
ELAPOR1	0
ELAPOR2	0
ELAVL1	564
ELAVL2	0
ELAVL3	1
ELAVL4	0
ELF1	1761
ELF2	1210
ELF3	0
ELF4	232
ELF5	1
ELFN1	19
ELFN2	1
ELK3	344
ELK4	1543
ELL	870
ELL2	5566
ELL3	21
ELMO1	505
ELMO2	972
ELMO3	3412
ELMOD1	2
ELMOD2	1803
ELMOD3	646
ELN	0
ELOA	1602
ELOB	1910
ELOC	554
ELOF1	891
ELOVL1	1137
ELOVL2	0
ELOVL3	16
ELOVL4	2
ELOVL5	566
ELOVL6	5
ELOVL7	2
ELP1	2535
ELP2	646
ELP3	1454
ELP4	217
ELP5	832
ELP6	126
EMB	3048
EMC1	1230
EMC2	529
EMC3	269
EMC4	1469
EMC6	837
EMC7	480
EMC8	2716
EMC9	494
EMCN	0
EMD	4795
EME1	836
EMG1	898
EMID1	6
EMILIN1	1
EMILIN2	191
EMILIN3	0
EML1	0
EML2	3937
EML3	1869
EML4	565
EML5	1
EML6	1
EMP1	18
EMP2	43
EMP3	1164
EMSY	1517
EMX2	0
EN1	0
EN2	0
ENAH	29
ENC1	0
ENDOD1	630
ENDOG	341
ENDOU	0
ENDOV	194
ENG	997
ENGASE	2112
ENKD1	553
ENKUR	0
ENO1	5332
ENO2	0
ENO3	229
ENO4	0
ENOPH1	813
ENOSF1	314
ENOX1	0
ENOX2	323
ENPP1	1384
ENPP2	0
ENPP3	220
ENPP4	1688
ENPP5	907
ENPP6	271
ENPP7	0
ENSA	1053
ENTHD1	0
ENTPD1	229
ENTPD2	39
ENTPD3	0
ENTPD4	750
ENTPD5	579
ENTPD6	932
ENTPD7	2224
ENTPD8	50
ENTR1	451
ENY2	430
EOGT	217
EOMES	58
EP300	7629
EP400	3880
EPAS1	11555
EPB41	42852
EPB41L1	1
EPB41L2	838
EPB41L3	273
EPB41L4A	6
EPB41L4B	15
EPC1	2171
EPC2	1059
EPCAM	5
EPDR1	7
EPG5	3064
EPGN	0
EPHA1	1
EPHA10	16
EPHA2	0
EPHA3	0
EPHA4	0
EPHA5	1
EPHA6	0
EPHA7	0
EPHA8	0
EPHB1	0
EPHB2	0
EPHB3	0
EPHX1	826
EPHX2	0
EPHX3	3
EPHX4	0
EPM2A	474
EPN1	6627
EPN2	583
EPN3	173
EPO	3
EPOR	16707
EPPK1	0
EPRS1	2063
EPS15	3628
EPS15L1	1208
EPS8	13
EPS8L1	17
EPS8L2	2
EPS8L3	0
EPSTI1	1461
EPYC	0
ERAL1	7098
ERAP1	2962
ERBB2	153
ERBB3	10
ERBB4	0
ERBIN	2478
ERC1	575
ERC2	0
ERCC1	234
ERCC2	1289
ERCC3	1275
ERCC4	708
ERCC5	2888
ERCC6	1248
ERCC6L	30
ERCC8	524
EREG	5
ERFE	656
ERFL	338
ERG	63
ERG28	328
ERGIC1	567
ERGIC2	435
ERGIC3	870
ERH	957
ERI1	650
ERI2	138
ERI3	821
ERICH1	479
ERICH2	8
ERICH3	1
ERICH5	109
ERICH6	33
ERICH6B	0
ERLEC1	1419
ERLIN1	911
ERLIN2	2383
ERMARD	374
ERMN	1
ERMP1	26
ERN1	1125
ERN2	507
ERO1A	2535
ERO1B	520
ERP27	2
ERP29	504
ERP44	923
ERRFI1	403
ESAM	2719
ESCO1	902
ESCO2	235
ESD	1969
ESF1	1174
ESM1	0
ESPL1	114
ESPN	0
ESR1	2
ESR2	0
ESRP1	0
ESRP2	0
ESRRA	600
ESRRB	0
ESRRG	0
ESS2	781
ESX1	0
ESYT1	6017
ESYT2	2725
ESYT3	13
ETAA1	1671
ETF1	1607
ETFA	970
ETFBKMT	8
ETFDH	554
ETFRF1	99
ETNK1	4503
ETNK2	7
ETNPPL	65
ETS1	1393
ETS2	1855
ETV1	0
ETV3	1969
ETV3L	25
ETV4	0
ETV5	594
ETV6	1509
ETV7	2084
EVA1A	0
EVA1B	158
EVA1C	3
EVC	53
EVC2	47
EVI2A	161
EVI2B	2066
EVI5	318
EVI5L	1819
EVL	664
EVPL	8
EVX1	0
EVX2	0
EWSR1	6607
EXD1	207
EXD2	350
EXD3	333
EXO1	33
EXO5	0
EXOC1	1155
EXOC1L	1
EXOC2	806
EXOC3	1192
EXOC3L1	2020
EXOC3L2	42
EXOC3L4	4
EXOC4	926
EXOC5	3532
EXOC6	443
EXOC6B	1214
EXOC7	2306
EXOC8	1668
EXOG	227
EXOSC1	291
EXOSC10	7123
EXOSC2	1535
EXOSC3	888
EXOSC4	1518
EXOSC5	830
EXOSC6	1578
EXOSC7	720
EXOSC8	244
EXOSC9	932
EXT1	208
EXT2	606
EXTL1	5
EXTL2	150
EXTL3	626
EYA1	0
EYA2	0
EYA3	4010
EYA4	0
EYS	0
EZH1	4200
EZH2	175
EZR	210
F10	4762
F11R	2043
F13A1	2618
F13B	0
F2	124
F2R	5591
F2RL1	49
F2RL2	18
F2RL3	1607
F3	3
F5	195
F7	11
F8	76
F9	0
FA2H	1
FAAH2	171
FAAP100	2663
FAAP20	794
FAAP24	406
FABP1	0
FABP2	0
FABP3	518
FABP6	0
FABP7	0
FADD	1041
FADS2	2
FADS6	0
FAF1	2015
FAF2	871
FAH	29
FAHD1	130
FAIM	247
FAIM2	1
FAM102A	924
FAM102B	934
FAM104A	1218
FAM107A	0
FAM107B	296
FAM110A	18
FAM110B	5
FAM110C	555
FAM110D	1
FAM114A1	68
FAM114A2	2008
FAM117A	4050
FAM117B	632
FAM118A	102
FAM118B	635
FAM120A	5278
FAM120B	502
FAM120C	4343
FAM124A	106
FAM124B	1
FAM126A	796
FAM126B	818
FAM131A	1
FAM131B	2
FAM131C	0
FAM133B	733
FAM135A	584
FAM135B	1
FAM136A	773
FAM13A	1472
FAM13B	1519
FAM13C	4
FAM149A	0
FAM149B1	1198
FAM151A	1
FAM151B	181
FAM155A	0
FAM155B	0
FAM160A1	0
FAM160A2	4621
FAM160B1	1055
FAM160B2	1565
FAM161A	240
FAM161B	527
FAM162A	1037
FAM162B	216
FAM163A	0
FAM163B	0
FAM166A	1
FAM166B	2
FAM166C	0
FAM167A	1
FAM167B	7
FAM168A	2647
FAM168B	7746
FAM169A	13
FAM169B	94
FAM171A1	8
FAM171A2	61
FAM171B	385
FAM172A	586
FAM174A	1353
FAM174B	214
FAM174C	1221
FAM177A1	929
FAM177B	3
FAM180A	0
FAM180B	6
FAM181A	0
FAM181B	15
FAM183A	98
FAM184A	143
FAM184B	30
FAM185A	177
FAM187A	24
FAM189A1	12
FAM189A2	0
FAM189B	1685
FAM193A	900
FAM193B	3107
FAM199X	1586
FAM204A	2152
FAM207A	277
FAM20A	5
FAM20B	694
FAM20C	27
FAM210A	787
FAM210B	1975
FAM214A	1471
FAM214B	1147
FAM216B	0
FAM217A	4
FAM217B	26
FAM219A	1439
FAM219B	872
FAM220A	158
FAM221A	5
FAM221B	0
FAM222A	31
FAM222B	2042
FAM227A	250
FAM227B	13
FAM228B	91
FAM229A	106
FAM234A	1058
FAM234B	638
FAM237A	1
FAM237B	0
FAM241A	362
FAM241B	779
FAM243A	1
FAM32A	1248
FAM3A	873
FAM3B	1128
FAM3C	797
FAM3D	2
FAM43A	94
FAM43B	2
FAM47E	16
FAM50A	1785
FAM53A	1749
FAM53B	303
FAM71D	0
FAM71E2	1
FAM72A	120
FAM76A	988
FAM76B	778
FAM78A	513
FAM78B	9
FAM81A	4
FAM81B	0
FAM83A	87
FAM83B	0
FAM83C	5
FAM83E	923
FAM83F	3
FAM83G	0
FAM83H	0
FAM89A	0
FAM89B	361
FAM8A1	1350
FAM91A1	1192
FAM98A	1341
FAM98B	516
FAM98C	40
FAN1	652
FANCA	78
FANCB	599
FANCC	49
FANCD2	100
FANCD2OS	0
FANCE	668
FANCF	25
FANCG	712
FANCI	66
FANCL	253
FANCM	2548
FANK1	0
FAR1	1371
FAR2	15
FARP1	62
FARP2	774
FARS2	121
FARSA	2321
FARSB	409
FAS	1646
FASLG	34
FASN	2904
FASTK	2344
FASTKD1	359
FASTKD2	358
FASTKD3	715
FASTKD5	92
FAT1	0
FAT2	21
FAT3	1
FAT4	0
FAU	8673
FAXC	1
FAXDC2	2328
FBF1	741
FBH1	1664
FBL	1135
FBLIM1	111
FBLN1	59
FBLN2	0
FBLN5	3
FBLN7	0
FBN1	1808
FBN2	11
FBN3	1
FBP1	1039
FBRS	5134
FBRSL1	397
FBXL12	321
FBXL13	12
FBXL14	2047
FBXL15	278
FBXL16	0
FBXL17	738
FBXL18	1257
FBXL19	1685
FBXL2	1068
FBXL20	2556
FBXL21P	1998
FBXL22	8
FBXL3	1123
FBXL4	1209
FBXL5	977
FBXL6	1151
FBXL7	0
FBXL8	400
FBXO10	16
FBXO11	2729
FBXO15	4
FBXO16	0
FBXO2	0
FBXO21	1345
FBXO22	485
FBXO24	0
FBXO25	271
FBXO28	813
FBXO3	6239
FBXO30	934
FBXO31	8192
FBXO32	4726
FBXO33	1853
FBXO34	1571
FBXO36	3
FBXO38	1431
FBXO4	153
FBXO40	0
FBXO41	0
FBXO42	2518
FBXO43	1
FBXO45	567
FBXO46	6813
FBXO47	5
FBXO48	103
FBXO5	230
FBXO7	6659
FBXO8	622
FBXO9	1283
FBXW11	1376
FBXW12	413
FBXW2	880
FBXW4	2363
FBXW5	1323
FBXW7	295
FBXW8	1846
FBXW9	851
FCER1G	1796
FCF1	889
FCHO1	13856
FCHO2	856
FCHSD1	3887
FCHSD2	303
FCMR	296
FCN3	212
FCSK	1090
FDPS	715
FDX1	186
FDX2	150
FDXACB1	282
FDXR	812
FECH	6718
FEM1A	6603
FEM1B	823
FEM1C	313
FEN1	425
FER	1091
FER1L5	6
FER1L6	0
FERD3L	0
FERMT1	0
FERMT2	124
FERMT3	11543
FES	812
FETUB	3
FEV	0
FEZ1	0
FEZ2	972
FEZF1	0
FEZF2	0
FFAR4	0
FGA	0
FGB	4
FGD1	6
FGD2	112
FGD3	1368
FGD4	221
FGD5	26
FGD6	179
FGF1	0
FGF10	0
FGF11	0
FGF12	5
FGF13	0
FGF14	5
FGF16	0
FGF17	0
FGF18	0
FGF19	0
FGF2	133
FGF20	0
FGF21	0
FGF22	2
FGF23	0
FGF3	0
FGF4	0
FGF5	0
FGF6	24
FGF7	8
FGF8	1
FGF9	5
FGFBP1	0
FGFBP2	0
FGFBP3	8
FGFR1	96
FGFR1OP2	2060
FGFR2	7
FGFR3	1
FGFR4	102
FGFRL1	1
FGG	0
FGGY	4
FGL1	0
FGL2	4089
FGR	1483
FH	569
FHAD1	186
FHDC1	0
FHIT	89
FHL1	69
FHL2	1
FHL3	1300
FHL5	24
FHOD1	4773
FHOD3	0
FIBCD1	1
FIBIN	0
FICD	311
FIG4	862
FIGLA	0
FIGN	0
FIGNL1	317
FIGNL2	0
FILIP1	179
FILIP1L	108
FIP1L1	2457
FIS1	1036
FITM1	1593
FITM2	427
FIZ1	354
FJX1	3
FKBP10	516
FKBP11	72
FKBP14	146
FKBP15	2285
FKBP1A	2271
FKBP1B	0
FKBP2	1041
FKBP3	2412
FKBP4	1975
FKBP5	7573
FKBP6	0
FKBP7	67
FKBP8	843
FKBP9	16
FKBPL	74
FKTN	475
FLACC1	59
FLAD1	932
FLCN	808
FLI1	4953
FLII	1826
FLNB	8467
FLNC	1232
FLOT1	5500
FLOT2	7725
FLRT1	1
FLRT2	0
FLRT3	4
FLT1	5
FLT3	211
FLT4	137
FLVCR1	143
FLVCR2	396
FMC1	141
FMN1	0
FMN2	0
FMNL1	2774
FMNL2	31
FMNL3	868
FMO2	0
FMO4	0
FMOD	0
FMR1	3073
FMR1NB	36
FN1	69539
FN3K	6
FNBP1	2519
FNBP1L	214
FNBP4	6904
FNDC1	0
FNDC10	6
FNDC11	1
FNDC3A	2507
FNDC3B	159
FNDC4	35
FNDC5	1
FNDC7	5
FNDC9	4
FNIP1	1654
FNIP2	3
FNTA	1408
FOCAD	1080
FOS	176
FOSB	7
FOSL1	3
FOSL2	1122
FOXA1	0
FOXA2	0
FOXA3	1
FOXB1	0
FOXB2	0
FOXC1	0
FOXC2	0
FOXD1	5
FOXD2	0
FOXD3	0
FOXD4L3	77
FOXE1	1
FOXE3	1
FOXF1	0
FOXF2	0
FOXG1	0
FOXH1	0
FOXI1	0
FOXI2	0
FOXI3	0
FOXJ1	1
FOXJ2	6273
FOXK1	1948
FOXK2	1349
FOXL1	0
FOXL2	0
FOXL3	0
FOXM1	102
FOXN1	2
FOXN2	341
FOXN3	2475
FOXN4	58
FOXO1	333
FOXO3	7238
FOXO4	9561
FOXO6	0
FOXP1	1050
FOXP2	0
FOXP3	571
FOXP4	63
FOXQ1	0
FOXR1	4
FOXRED1	571
FOXRED2	557
FOXS1	131
FPGS	685
FPGT	493
FRAS1	0
FRAT2	213
FREM1	0
FREM2	1
FREM3	18
FRG1	630
FRK	0
FRMD1	24
FRMD3	0
FRMD4A	1277
FRMD4B	1598
FRMD5	24
FRMD6	2486
FRMD7	57
FRMD8	2055
FRMPD1	2
FRMPD2	0
FRMPD3	3
FRMPD4	32
FRRS1L	25
FRS2	447
FRS3	1161
FRY	1241
FRYL	10395
FRZB	211
FSCN1	3053
FSCN2	0
FSCN3	16
FSD1	104
FSD1L	1821
FSD2	0
FSHB	0
FSHR	0
FSIP1	17
FSIP2	0
FST	0
FSTL1	533
FSTL3	0
FSTL4	0
FSTL5	0
FTCD	0
FTCDNL1	0
FTH1	66557
FTO	551
FTSJ1	1103
FTSJ3	1540
FUBP1	4290
FUBP3	2036
FUCA1	1541
FUCA2	568
FUNDC1	914
FUNDC2	3478
FURIN	3672
FUS	12542
FUT10	32
FUT11	904
FUT4	3
FUT7	55
FUT8	175
FUT9	0
FXN	1066
FXR1	3845
FXYD1	2559
FXYD2	0
FXYD6	172
FXYD7	4
FYB1	2299
FYB2	0
FYCO1	4110
FYN	1478
FYTTD1	1641
FZD1	8
FZD10	0
FZD2	62
FZD3	43
FZD4	415
FZD5	64
FZD6	265
FZD7	2
FZD8	7
FZD9	3
FZR1	2099
G0S2	98
G2E3	362
G3BP1	1984
G3BP2	1368
G6PC2	0
G6PC3	320
G6PD	1398
GAA	853
GAB1	1416
GAB2	154
GAB3	4887
GABARAPL2	2805
GABBR1	244
GABBR2	6
GABPA	3172
GABPB1	1237
GABPB2	2628
GABRA1	0
GABRA2	1
GABRA3	0
GABRA4	88
GABRA5	0
GABRA6	0
GABRB1	1
GABRB2	0
GABRB3	0
GABRD	1
GABRG1	0
GABRG2	0
GABRQ	0
GABRR1	2
GABRR3	0
GAD1	0
GAD2	0
GADD45A	115
GADD45B	3280
GADD45G	2
GADD45GIP1	758
GADL1	15
GAK	2165
GAL	0
GAL3ST1	0
GAL3ST2	1
GAL3ST3	0
GAL3ST4	8
GALC	526
GALE	374
GALK1	692
GALK2	503
GALM	499
GALNS	1082
GALNT1	2085
GALNT10	791
GALNT11	534
GALNT12	123
GALNT13	0
GALNT14	89
GALNT15	4
GALNT16	0
GALNT17	0
GALNT18	2
GALNT2	884
GALNT3	21
GALNT4	219
GALNT5	0
GALNT6	169
GALNT7	447
GALNT8	2
GALNT9	1
GALNTL6	0
GALR1	0
GALR2	0
GALR3	0
GALT	870
GAMT	75
GAN	215
GANAB	2486
GANC	233
GAP43	0
GAPDH	6425
GAPVD1	2584
GAR1	167
GAREM1	10
GAREM2	1
GARNL3	22
GARRE1	1088
GARS1	3535
GART	274
GAS1	171
GAS2	3
GAS2L1	16
GAS2L2	0
GAS2L3	13
GAS6	22
GAS7	37
GAS8	113
GASK1A	0
GASK1B	10
GATA1	12397
GATA2	682
GATA3	2069
GATA4	0
GATA5	0
GATA6	8
GATAD1	1514
GATAD2A	1971
GATAD2B	3182
GATB	1069
GATC	302
GATD1	1609
GATD3A	1051
GATM	1162
GBA	2837
GBA2	2212
GBE1	504
GBF1	4370
GBX1	0
GBX2	0
GC	0
GCA	4030
GCAT	61
GCC1	1031
GCC2	4268
GCDH	1118
GCFC2	1289
GCG	296
GCGR	0
GCH1	1113
GCHFR	232
GCK	12
GCKR	1
GCLC	3097
GCLM	1913
GCM1	0
GCM2	0
GCN1	3230
GCNA	83
GCNT1	56
GCNT2	1366
GCNT3	0
GCNT4	1190
GCSH	878
GDA	1028
GDAP1	231
GDAP1L1	4
GDAP2	1486
GDE1	392
GDF1	131
GDF10	0
GDF11	1
GDF15	0
GDF2	0
GDF5	31
GDF6	0
GDF7	0
GDF9	1
GDI2	8596
GDNF	0
GDPD1	370
GDPD2	4
GDPD3	79
GDPD4	0
GDPD5	15
GDPGP1	196
GEM	0
GEMIN2	1455
GEMIN4	346
GEMIN5	1601
GEMIN6	232
GEMIN7	380
GEMIN8	403
GEN1	66
GET1	201
GET3	1035
GET4	1711
GFER	345
GFI1	130
GFI1B	7812
GFM1	586
GFM2	522
GFOD1	1385
GFOD2	102
GFPT1	2866
GFPT2	33
GFRA1	0
GFRA2	77
GFRA3	0
GFRA4	1
GFRAL	0
GFUS	845
GGA1	3529
GGA2	2011
GGA3	1190
GGACT	188
GGCT	409
GGCX	581
GGN	0
GGNBP2	2286
GGPS1	328
GGT1	388
GGT5	15615
GGT6	24
GGT7	1
GHDC	406
GHITM	1487
GHR	0
GHRH	0
GHRHR	223
GHRL	27
GHSR	0
GID4	1312
GID8	647
GIGYF1	5461
GIGYF2	3100
GIMAP8	3052
GIMD1	3
GIN1	158
GINM1	2457
GINS1	299
GINS2	195
GINS3	826
GINS4	93
GIPC1	769
GIPC2	1
GIPC3	12
GIPR	0
GIT1	186
GIT2	2083
GJA1	8
GJA10	0
GJA3	0
GJA4	686
GJA5	0
GJA8	0
GJA9	2
GJB1	3
GJB2	1
GJB3	10
GJB7	0
GJC1	142
GJC2	15
GJD2	0
GJD3	41
GJD4	4
GJE1	0
GK	771
GK5	105
GKAP1	1818
GKN2	0
GLA	2026
GLB1	1992
GLB1L	111
GLCCI1	1079
GLCE	621
GLDC	7
GLDN	2
GLE1	1681
GLG1	5945
GLI1	0
GLI2	5
GLI3	0
GLIPR2	224
GLIS1	10
GLIS2	102
GLIS3	8
GLMN	281
GLO1	1308
GLOD4	809
GLOD5	29
GLP1R	56
GLP2R	0
GLRA1	0
GLRA2	0
GLRA3	0
GLRB	1
GLRX	2168
GLRX2	205
GLRX3	1259
GLRX5	4922
GLS	11961
GLT1D1	469
GLT8D1	718
GLT8D2	1
GLTPD2	735
GLUD1	1793
GLUL	390
GLYCTK	216
GLYR1	5944
GM2A	8518
GMCL1	1235
GMDS	247
GMEB1	920
GMEB2	997
GMFB	909
GMFG	858
GMNC	26
GMNN	329
GMPPA	1896
GMPPB	697
GMPR	2387
GMPR2	644
GMPS	794
GNA11	1958
GNA12	217
GNA13	678
GNA15	225
GNAI1	226
GNAI2	4017
GNAI3	2886
GNAL	364
GNAO1	0
GNAQ	699
GNAS	1454
GNAT1	0
GNAT2	0
GNAT3	0
GNAZ	0
GNB1	2647
GNB1L	218
GNB2	5278
GNB3	11
GNB4	3553
GNB5	0
GNE	968
GNG10	334
GNG12	0
GNG13	2
GNG2	2129
GNG3	2
GNG4	0
GNG5	1360
GNG7	707
GNG8	0
GNGT2	143
GNL1	4443
GNL2	1072
GNL3	585
GNL3L	484
GNMT	168
GNPAT	370
GNPDA1	44
GNPDA2	812
GNPNAT1	340
GNPTAB	1798
GNPTG	974
GNRH1	165
GNS	2162
GOLGA1	1304
GOLGA2	2494
GOLGA3	2391
GOLGA4	2600
GOLGA5	639
GOLGA7	1129
GOLGA7B	0
GOLGB1	2222
GOLIM4	509
GOLM1	107
GOLM2	4246
GOLPH3	1706
GOLPH3L	918
GOLT1A	0
GOLT1B	943
GOPC	581
GORAB	490
GORASP1	128
GORASP2	2296
GOSR1	1281
GOSR2	544
GOT1	557
GOT1L1	0
GOT2	2120
GP1BB	4747
GP5	46
GP9	3130
GPA33	0
GPAA1	1428
GPALPP1	473
GPAM	201
GPANK1	643
GPAT2	11
GPAT3	1598
GPAT4	832
GPATCH1	1391
GPATCH11	684
GPATCH2	227
GPATCH2L	871
GPATCH3	504
GPATCH4	533
GPATCH8	4008
GPBAR1	691
GPBP1	1822
GPBP1L1	9263
GPC1	32
GPC2	168
GPC3	0
GPC4	11
GPC5	0
GPC6	1
GPCPD1	2337
GPD1	2306
GPD1L	1404
GPD2	1986
GPER1	25
GPHA2	1
GPHB5	0
GPHN	1091
GPI	2883
GPKOW	2576
GPLD1	15
GPM6A	0
GPM6B	45
GPN1	930
GPN2	1863
GPN3	744
GPNMB	6
GPR1	29
GPR107	623
GPR108	2627
GPR119	0
GPR12	0
GPR132	40
GPR135	5
GPR137	1601
GPR137B	62
GPR137C	134
GPR139	0
GPR141	158
GPR142	0
GPR143	0
GPR146	381
GPR148	0
GPR149	1
GPR15	17
GPR150	21
GPR151	16
GPR152	2
GPR153	25
GPR155	2779
GPR156	4
GPR157	0
GPR158	0
GPR160	122
GPR161	24
GPR162	0
GPR17	2
GPR171	52
GPR173	20
GPR174	214
GPR176	0
GPR179	3
GPR18	39
GPR180	94
GPR182	0
GPR183	1869
GPR19	2
GPR20	0
GPR21	13
GPR22	212
GPR25	8
GPR26	0
GPR27	120
GPR3	1
GPR31	5
GPR34	88
GPR35	8
GPR37	1
GPR37L1	0
GPR39	2
GPR4	1
GPR45	2
GPR50	1
GPR52	45
GPR6	0
GPR61	0
GPR62	0
GPR63	0
GPR65	363
GPR68	8
GPR75	84
GPR78	0
GPR82	4
GPR83	13
GPR84	113
GPR85	25
GPR87	0
GPR88	0
GPR89B	537
GPRC5A	0
GPRC5B	246
GPRC5C	28
GPRC6A	1
GPRIN1	31
GPRIN3	8
GPS1	4057
GPSM1	129
GPSM2	680
GPSM3	482
GPT2	512
GPX1	16287
GPX2	9
GPX3	7
GPX4	11544
GPX7	139
GPX8	0
GRAMD1A	1046
GRAMD1B	140
GRAMD1C	0
GRAMD2A	1504
GRAMD2B	359
GRAMD4	478
GRAP2	81
GRB10	16
GRB14	0
GRB2	3254
GRB7	1
GREB1	5
GREB1L	264
GREM1	0
GREM2	68
GRHL1	97
GRHL2	0
GRHL3	2
GRHPR	170
GRIA1	0
GRIA2	0
GRIA3	0
GRIA4	0
GRID1	0
GRID2	3
GRIFIN	0
GRIK1	3
GRIK2	0
GRIK3	4
GRIK4	3
GRIK5	0
GRIN1	0
GRIN2A	0
GRIN2B	1
GRIN2C	105
GRIN2D	42
GRIN3A	1
GRIN3B	1
GRINA	2365
GRIP1	1
GRIP2	0
GRIPAP1	6542
GRK1	0
GRK2	4726
GRK3	958
GRK4	210
GRK5	321
GRK6	1662
GRK7	13
GRM1	0
GRM2	2
GRM3	0
GRM4	106
GRM5	0
GRM7	0
GRM8	0
GRN	9169
GRPEL1	495
GRPEL2	612
GRPR	0
GRSF1	2050
GRTP1	281
GRWD1	217
GRXCR1	1
GRXCR2	12
GSC	0
GSC2	0
GSDME	74
GSE1	3033
GSG1	0
GSG1L	0
GSK3A	2530
GSK3B	1817
GSN	2249
GSPT1	2184
GSR	3864
GSS	1183
GSTCD	229
GSTK1	1066
GSTO1	5424
GSTP1	4665
GSTZ1	37
GSX1	0
GSX2	0
GTDC1	403
GTF2A1	2184
GTF2A1L	3
GTF2A2	537
GTF2B	840
GTF2E1	990
GTF2E2	805
GTF2F1	2939
GTF2F2	957
GTF2H1	1136
GTF2H2	698
GTF2H3	538
GTF2H4	937
GTF2H5	1210
GTF2I	2938
GTF2IRD1	143
GTF3A	196
GTF3C1	1392
GTF3C2	2525
GTF3C3	593
GTF3C4	703
GTF3C5	766
GTF3C6	244
GTPBP1	2281
GTPBP10	353
GTPBP2	5353
GTPBP3	483
GTPBP4	1016
GTPBP6	518
GTPBP8	222
GTSE1	149
GUCA1ANB	0
GUCA1B	0
GUCA1C	0
GUCD1	1207
GUCY1A1	0
GUCY1A2	0
GUCY1B1	0
GUCY2C	0
GUCY2D	85
GUF1	372
GUK1	147
GULP1	8
GUSB	522
GXYLT1	330
GXYLT2	497
GYG1	463
GYG2	32
GYPC	9625
GYS1	3278
GYS2	0
GZF1	1352
GZMA	380
H6PD	675
HAAO	4
HABP2	0
HABP4	1141
HACD1	26
HACD2	346
HACD3	544
HACD4	3218
HACE1	1083
HACL1	480
HADH	962
HADHA	1792
HADHB	1742
HAGHL	2650
HAL	28
HAND1	0
HAND2	0
HAO1	0
HAO2	1
HAP1	28
HAPLN1	0
HAPLN2	0
HAPLN3	4
HAPLN4	0
HARBI1	57
HARS1	2990
HAS2	0
HAS3	2
HASPIN	848
HAT1	287
HAUS1	426
HAUS2	119
HAUS3	427
HAUS4	877
HAUS6	1124
HAUS8	634
HAX1	1392
HBEGF	1264
HBP1	2031
HBS1L	4806
HCFC1R1	991
HCFC2	1024
HCK	4303
HCLS1	2405
HCN2	5
HCN3	32
HCN4	0
HCRT	1160
HCRTR2	0
HDAC1	4085
HDAC10	926
HDAC11	248
HDAC2	306
HDAC3	1548
HDAC4	816
HDAC5	5152
HDAC6	3653
HDAC7	1039
HDAC8	808
HDAC9	123
HDC	28
HDDC2	271
HDDC3	994
HDGF	13976
HDGFL2	2888
HDGFL3	358
HDHD2	214
HDHD3	48
HDHD5	1512
HDX	116
HEATR1	624
HEATR3	489
HEATR4	3
HEATR5A	791
HEATR5B	2309
HEATR6	1466
HEATR9	10
HEBP1	1672
HEBP2	239
HECA	1911
HECTD1	5886
HECTD2	97
HECTD3	2434
HECTD4	2390
HECW1	3
HECW2	6
HEG1	70
HELB	951
HELLS	550
HELQ	1754
HELT	0
HELZ	1973
HELZ2	2385
HEMGN	28834
HEMK1	509
HENMT1	7
HEPACAM	1464
HEPACAM2	0
HEPH	7
HEPHL1	0
HERC1	5921
HERC2	8188
HERC4	1457
HERPUD1	1161
HERPUD2	2751
HES1	36
HES2	0
HES3	0
HES4	40
HES7	0
HESX1	449
HEXA	1206
HEXB	306
HEXD	294
HEXIM1	1972
HEY1	43
HEY2	11
HEYL	0
HGD	43
HGF	38
HGFAC	0
HGH1	652
HGS	4675
HGSNAT	1664
HHAT	56
HHATL	0
HHEX	270
HHIPL1	0
HHIPL2	111
HHLA1	0
HHLA2	13
HIBADH	177
HIBCH	663
HIC1	15
HIC2	2217
HID1	33
HIF1A	3970
HIF1AN	1889
HIF3A	6
HIGD1A	2115
HIGD1B	2
HIGD1C	39
HIGD2A	1289
HIKESHI	1828
HINT1	837
HINT2	604
HINT3	353
HIP1	2238
HIP1R	555
HIPK1	20287
HIPK2	1270
HIPK3	4825
HIPK4	2
HIRIP3	1595
HIVEP1	981
HIVEP2	3725
HIVEP3	741
HJV	0
HK1	1804
HK2	387
HK3	5553
HKDC1	6
HLCS	1158
HLF	3707
HLTF	698
HLX	90
HM13	1798
HMBOX1	198
HMBS	3666
HMCES	2651
HMCN1	2
HMCN2	2
HMG20A	836
HMG20B	1552
HMGA1	1647
HMGA2	0
HMGB1	6967
HMGB2	6111
HMGB3	1054
HMGCL	820
HMGCLL1	0
HMGCR	1074
HMGCS1	739
HMGCS2	0
HMGN1	475
HMGN2	3710
HMGN3	223
HMGN5	353
HMGXB3	1606
HMGXB4	1430
HMMR	71
HMOX1	72
HMOX2	359
HMX2	0
HMX3	0
HNF1A	17
HNF1B	3
HNF4A	0
HNF4G	0
HNMT	172
HNRNPA0	2254
HNRNPA1	9770
HNRNPA2B1	10677
HNRNPA3	11615
HNRNPAB	4535
HNRNPC	3166
HNRNPD	3915
HNRNPDL	3835
HNRNPH1	24541
HNRNPH3	8739
HNRNPK	7501
HNRNPL	2822
HNRNPLL	2552
HNRNPM	2529
HNRNPR	2349
HNRNPU	10143
HNRNPUL1	14665
HNRNPUL2	16554
HOATZ	2
HOGA1	1
HOMER1	0
HOMER2	1
HOMER3	3009
HOMEZ	1431
HOOK1	760
HOOK2	2620
HOOK3	965
HOPX	207
HORMAD1	2
HORMAD2	3
HOXA1	0
HOXA10	0
HOXA11	0
HOXA13	0
HOXA2	0
HOXA3	4
HOXA4	5
HOXA5	3
HOXA6	0
HOXA7	29
HOXA9	1
HOXB1	0
HOXB13	0
HOXB2	0
HOXB3	46
HOXB4	5
HOXB5	3
HOXB6	35
HOXB7	2
HOXB8	1
HOXB9	0
HOXC10	0
HOXC11	0
HOXC12	0
HOXC13	0
HOXC4	0
HOXC5	0
HOXC6	0
HOXC8	0
HOXC9	0
HOXD1	0
HOXD10	0
HOXD11	0
HOXD12	0
HOXD13	0
HOXD3	1
HOXD4	0
HOXD8	13
HOXD9	0
HP1BP3	3482
HPCA	1
HPCAL1	2697
HPCAL4	0
HPD	25
HPDL	0
HPGD	1
HPGDS	2112
HPN	0
HPRT1	989
HPS1	1939
HPS3	607
HPS4	2339
HPS6	554
HPSE	11461
HPSE2	0
HPX	0
HR	19
HRAS	256
HRH1	1
HRH2	251
HRH3	0
HRK	0
HROB	1012
HS1BP3	376
HS2ST1	710
HS3ST1	0
HS3ST2	1
HS3ST3B1	3
HS3ST5	0
HS3ST6	0
HS6ST1	422
HS6ST2	1
HS6ST3	0
HSBP1	1845
HSBP1L1	15
HSCB	499
HSD11B1	1
HSD11B1L	936
HSD11B2	19
HSD17B1	0
HSD17B10	504
HSD17B12	285
HSD17B2	48
HSD17B3	0
HSD17B4	832
HSD17B7	628
HSD17B8	474
HSD3B7	110
HSDL1	338
HSDL2	874
HSF1	3016
HSF2	499
HSF4	63
HSF5	0
HSP90AA1	5233
HSP90AB1	17837
HSP90B1	2909
HSPA12A	0
HSPA12B	20
HSPA13	694
HSPA14	530
HSPA2	4736
HSPA4	2629
HSPA4L	924
HSPA5	4234
HSPA8	4776
HSPA9	3286
HSPB1	1
HSPB11	113
HSPB2	2
HSPB3	0
HSPB6	3
HSPB7	1
HSPB8	0
HSPBAP1	240
HSPBP1	712
HSPD1	1342
HSPG2	0
HSPH1	320
HTATIP2	0
HTATSF1	45070
HTD2	436
HTR1A	1
HTR1B	0
HTR1D	0
HTR1E	0
HTR1F	4
HTR2A	458
HTR2B	8
HTR2C	328
HTR3A	10
HTR3B	8
HTR4	23
HTR5A	0
HTR6	0
HTR7	0
HTRA1	18
HTRA2	911
HTRA3	0
HTRA4	1
HTT	1783
HUNK	0
HUS1	637
HUWE1	16369
HVCN1	260
HYAL1	0
HYAL2	39
HYAL3	216
HYDIN	1
HYI	110
HYKK	2
HYLS1	100
HYOU1	1518
HYPK	961
IAH1	85
IARS1	913
IARS2	1249
IBA57	1582
IBTK	1738
ICA1	101
ICA1L	16
ICAM5	272
ICE1	1852
ICE2	572
ICMT	3023
ID1	37
ID2	287
ID3	466
ID4	2
IDE	2201
IDH1	2139
IDH2	845
IDH3A	302
IDH3B	815
IDI1	624
IDNK	34
IDS	573
IDUA	667
IER2	1342
IER3	66
IER3IP1	899
IER5	366
IER5L	58
IFFO1	284
IFFO2	532
IFI30	1532
IFI35	913
IFI6	146
IFIH1	2360
IFITM10	14
IFITM5	0
IFNAR1	1213
IFNAR2	1604
IFNG	4
IFNGR1	2459
IFNGR2	1022
IFNL1	0
IFNLR1	34
IFRD1	1010
IFRD2	3209
IFT122	1029
IFT140	331
IFT172	1086
IFT20	695
IFT22	87
IFT27	251
IFT43	4
IFT46	754
IFT52	521
IFT57	463
IFT74	314
IFT80	331
IFT81	570
IFT88	488
IFTAP	576
IGBP1	1812
IGDCC3	1
IGDCC4	185
IGF1	0
IGF1R	1843
IGF2	0
IGF2BP1	14
IGF2BP2	303
IGF2BP3	102
IGF2R	5261
IGFALS	0
IGFBP1	0
IGFBP2	11
IGFBP3	0
IGFBP4	0
IGFBP5	0
IGFBP6	0
IGFBP7	4
IGFBPL1	0
IGFLR1	1745
IGFN1	0
IGHMBP2	786
IGLON5	6
IGSF10	0
IGSF11	0
IGSF21	0
IGSF22	5
IGSF3	19
IGSF5	0
IGSF6	77
IGSF8	408
IGSF9	452
IGSF9B	6
IHH	2
IHO1	1
IK	3608
IKBKB	5558
IKBKE	271
IKBKG	2551
IKZF1	2618
IKZF2	79
IKZF3	562
IKZF5	1499
IL10	4
IL10RA	196
IL10RB	237
IL11	0
IL11RA	152
IL12A	0
IL12B	0
IL12RB1	53
IL12RB2	75
IL13RA1	321
IL13RA2	0
IL15	463
IL15RA	202
IL16	731
IL17A	0
IL17B	1
IL17C	0
IL17D	0
IL17RA	984
IL17RB	21
IL17RC	134
IL17RD	6
IL17RE	52
IL17REL	11
IL18	288
IL18R1	132
IL1R2	489
IL1RAPL1	0
IL1RAPL2	0
IL1RL1	63
IL20RA	150
IL20RB	0
IL21R	182
IL22	15
IL22RA1	0
IL22RA2	16
IL23A	0
IL23R	47
IL25	0
IL26	0
IL27RA	2534
IL2RA	78
IL2RB	305
IL2RG	1401
IL31RA	183
IL34	1169
IL4R	2366
IL5RA	7
IL6	6
IL6R	1646
IL6ST	1542
IL7	327
IL7R	648
ILDR1	0
ILDR2	0
ILF2	1449
ILF3	7692
ILK	5975
ILRUN	5498
ILVBL	1380
IMMP1L	109
IMMP2L	40
IMMT	652
IMP3	1217
IMP4	398
IMPA1	798
IMPA2	145
IMPACT	847
IMPDH1	2070
IMPDH2	4267
IMPG1	0
IMPG2	39
INA	14
INAFM1	147
INAFM2	369
INAVA	0
INCA1	3
INF2	3221
ING1	168
ING2	291
ING3	1286
ING4	632
ING5	2191
INHA	1
INHBA	3
INHBB	1
INKA1	79
INKA2	0
INO80	1600
INO80B	1109
INO80C	973
INO80D	2580
INO80E	1745
INPP1	0
INPP4A	740
INPP4B	29
INPP5A	747
INPP5B	637
INPP5D	608
INPP5E	828
INPP5F	850
INPP5J	55
INPP5K	1552
INPPL1	3256
INS	0
INSC	6
INSIG1	1655
INSIG2	1128
INSL5	0
INSM1	0
INSM2	2
INSR	6110
INSRR	17
INSYN1	0
INSYN2A	5
INSYN2B	1
INTS1	3036
INTS10	871
INTS11	1410
INTS12	1692
INTS13	2184
INTS14	522
INTS2	996
INTS3	2069
INTS4	946
INTS5	271
INTS6	614
INTS7	1372
INTS8	1450
INTS9	534
INTU	56
INVS	358
IP6K1	2472
IP6K2	832
IP6K3	103
IPCEF1	349
IPMK	1967
IPO11	447
IPO13	2625
IPO4	2110
IPO5	1098
IPO7	2378
IPO8	708
IPO9	1805
IPPK	771
IQANK1	63
IQCA1	1
IQCA1L	0
IQCB1	147
IQCC	390
IQCD	10
IQCE	621
IQCG	73
IQCH	58
IQCJ	0
IQCK	204
IQCM	0
IQGAP1	5737
IQGAP2	941
IQGAP3	35
IQSEC1	23
IQSEC3	0
IQUB	2
IRAG1	10
IRAK1BP1	40
IRAK2	1234
IRAK4	629
IREB2	4863
IRF1	5596
IRF2	1985
IRF2BP1	1296
IRF2BP2	1264
IRF2BPL	777
IRF3	617
IRF5	894
IRF6	2
IRF7	842
IRF8	465
IRF9	3210
IRGC	575
IRS1	3
IRS2	297
IRS4	1281
IRX1	0
IRX2	0
IRX3	2
IRX4	0
IRX5	1
IRX6	0
ISCA2	919
ISCU	1358
ISG15	322
ISG20L2	1402
ISL1	0
ISL2	133
ISLR	0
ISLR2	1
ISM1	19
ISM2	0
ISOC1	145
ISOC2	443
IST1	2035
ISX	0
ISY1	335
ISYNA1	286
ITCH	1206
ITFG1	744
ITFG2	115
ITGA1	16
ITGA10	25
ITGA11	0
ITGA2	2891
ITGA2B	18580
ITGA3	1949
ITGA4	1532
ITGA5	1575
ITGA6	215
ITGA7	6
ITGA8	0
ITGA9	17
ITGAV	1211
ITGB1	5105
ITGB1BP1	399
ITGB1BP2	262
ITGB2	9584
ITGB3	16865
ITGB4	70
ITGB5	117
ITGB6	0
ITGB7	1174
ITGB8	0
ITGBL1	0
ITIH2	0
ITIH5	1
ITIH6	18
ITK	402
ITM2A	16539
ITM2B	6318
ITM2C	265
ITPA	187
ITPK1	4618
ITPKA	251
ITPKB	1547
ITPKC	121
ITPR1	1399
ITPR2	2487
ITPR3	2764
ITPRID1	0
ITPRID2	3524
ITPRIPL1	0
ITPRIPL2	116
ITSN1	1150
ITSN2	1978
IVD	996
IWS1	4196
IYD	0
IZUMO1	0
IZUMO3	4
IZUMO4	11
JADE1	4086
JADE2	5032
JADE3	1884
JAG1	13
JAG2	1
JAGN1	473
JAK1	4011
JAK2	15420
JAK3	2237
JAKMIP1	1154
JAKMIP2	0
JAKMIP3	0
JAM2	1
JAM3	477
JAML	1
JARID2	4042
JAZF1	663
JCAD	555
JCHAIN	924
JDP2	145
JHY	0
JMJD1C	1011
JMJD4	440
JMJD6	934
JMJD7	272
JMJD8	188
JMY	169
JOSD1	1423
JOSD2	962
JPH1	647
JPH2	0
JPH3	1
JPH4	137
JPT1	880
JPT2	573
JSRP1	159
JTB	2443
JUN	313
JUNB	2681
JUND	915
KALRN	562
KANK1	86
KANK2	2687
KANK3	16
KANK4	117
KANSL1	3479
KANSL1L	402
KANSL2	1139
KANSL3	2488
KARS1	2589
KASH5	51
KAT14	1481
KAT2A	2237
KAT2B	1706
KAT5	948
KAT6A	7314
KAT6B	444
KAT7	1524
KAT8	3901
KATNA1	1015
KATNAL1	40
KATNAL2	5
KATNB1	3928
KATNBL1	458
KATNIP	1229
KAZALD1	0
KAZN	3
KBTBD11	18
KBTBD12	231
KBTBD13	0
KBTBD2	1690
KBTBD3	244
KBTBD4	507
KBTBD8	441
KCMF1	2010
KCNA1	0
KCNA10	0
KCNA2	1
KCNA4	0
KCNA5	20
KCNAB1	21
KCNAB2	252
KCNAB3	2
KCNB1	1
KCNB2	1
KCNC1	0
KCNC2	0
KCNC4	3
KCND1	3
KCND2	0
KCND3	5
KCNE1	0
KCNE2	0
KCNE3	1
KCNE4	0
KCNE5	361
KCNF1	0
KCNG1	0
KCNG2	10
KCNG3	1
KCNG4	2
KCNH1	20
KCNH2	35
KCNH3	20
KCNH4	3
KCNH5	0
KCNH6	1
KCNH7	0
KCNH8	0
KCNIP1	0
KCNIP2	41
KCNIP3	2
KCNIP4	0
KCNJ1	4
KCNJ10	0
KCNJ11	0
KCNJ13	39
KCNJ15	0
KCNJ16	0
KCNJ2	38
KCNJ3	0
KCNJ4	2
KCNJ5	201
KCNJ6	0
KCNJ8	0
KCNJ9	3
KCNK1	14
KCNK10	0
KCNK12	1
KCNK13	0
KCNK15	7
KCNK16	0
KCNK17	38
KCNK18	0
KCNK2	0
KCNK3	0
KCNK4	1
KCNK5	346
KCNK6	648
KCNK7	52
KCNK9	0
KCNMA1	0
KCNMB1	432
KCNMB2	0
KCNMB4	0
KCNN1	4
KCNN2	12
KCNN3	876
KCNN4	340
KCNQ1	45
KCNQ2	0
KCNQ3	1
KCNQ4	164
KCNQ5	6
KCNRG	174
KCNS1	1
KCNS2	0
KCNS3	1
KCNT1	2
KCNT2	0
KCNU1	0
KCNV1	0
KCNV2	1
KCTD1	196
KCTD10	1069
KCTD12	2025
KCTD13	1884
KCTD14	2
KCTD15	0
KCTD16	0
KCTD17	334
KCTD18	1389
KCTD19	1
KCTD2	2315
KCTD20	2022
KCTD21	290
KCTD3	4
KCTD4	1
KCTD5	543
KCTD6	424
KCTD8	0
KCTD9	1298
KDELR1	876
KDELR2	1307
KDELR3	0
KDF1	10
KDM1A	1751
KDM1B	1886
KDM2A	3667
KDM2B	982
KDM3A	740
KDM3B	2506
KDM4A	5821
KDM4B	5683
KDM4C	1356
KDM5A	3328
KDM5B	1534
KDM6A	4257
KDM6B	98
KDM7A	938
KDM8	432
KDR	160
KDSR	3358
KEAP1	6018
KEL	10494
KERA	0
KHDC4	1590
KHDRBS1	5190
KHDRBS2	23
KHDRBS3	0
KHK	478
KHNYN	2182
KIAA0040	690
KIAA0100	2144
KIAA0232	2259
KIAA0319	106
KIAA0319L	5584
KIAA0513	3040
KIAA0586	784
KIAA0753	1045
KIAA0825	87
KIAA0895	271
KIAA0895L	1138
KIAA0930	2116
KIAA1109	3254
KIAA1143	1179
KIAA1191	5345
KIAA1210	1347
KIAA1217	1
KIAA1328	873
KIAA1522	1
KIAA1549	71
KIAA1549L	0
KIAA1614	0
KIAA1671	2524
KIAA1755	9
KIAA1841	91
KIAA1958	2
KIAA2012	7
KIAA2013	1717
KIAA2026	1140
KIDINS220	1970
KIF11	459
KIF12	0
KIF13A	628
KIF13B	607
KIF14	179
KIF15	237
KIF16B	142
KIF17	0
KIF18A	16
KIF18B	20
KIF19	2
KIF1A	1
KIF1B	268
KIF1C	1070
KIF20A	270
KIF20B	124
KIF21A	1239
KIF21B	550
KIF23	147
KIF24	177
KIF25	5
KIF26A	0
KIF26B	0
KIF27	374
KIF2A	289
KIF2B	0
KIF2C	127
KIF3A	951
KIF3B	1672
KIF3C	7
KIF4A	234
KIF5A	24
KIF5B	2306
KIF5C	4
KIF6	1
KIF7	832
KIF9	205
KIFAP3	130
KIFBP	1308
KIFC1	537
KIFC2	1
KIFC3	3823
KIN	780
KIRREL1	3
KIRREL2	0
KIRREL3	324
KISS1	0
KISS1R	212
KIT	371
KITLG	1
KIZ	190
KL	3
KLB	32
KLC1	942
KLC2	272
KLC3	13
KLC4	2465
KLF1	8478
KLF10	111
KLF11	512
KLF12	231
KLF13	2143
KLF15	32
KLF16	1126
KLF2	2955
KLF3	1034
KLF4	332
KLF5	6
KLF6	2090
KLF7	386
KLF8	962
KLF9	4270
KLHDC1	229
KLHDC10	2431
KLHDC2	2002
KLHDC3	768
KLHDC4	254
KLHDC7A	0
KLHDC8A	3
KLHDC8B	22
KLHDC9	0
KLHL1	0
KLHL10	14
KLHL11	3171
KLHL12	1415
KLHL13	1012
KLHL14	0
KLHL15	1442
KLHL17	1
KLHL18	816
KLHL2	643
KLHL20	1180
KLHL21	809
KLHL22	1106
KLHL23	0
KLHL24	783
KLHL25	434
KLHL26	103
KLHL28	588
KLHL29	2
KLHL3	61
KLHL30	0
KLHL31	0
KLHL32	1
KLHL33	2
KLHL34	0
KLHL35	0
KLHL36	685
KLHL38	0
KLHL4	0
KLHL40	2
KLHL41	6
KLHL42	134
KLHL5	115
KLHL6	518
KLHL7	407
KLHL8	526
KLKB1	0
KMO	70
KMT2A	5315
KMT2B	7381
KMT2C	8144
KMT2D	9960
KMT2E	8780
KMT5A	715
KMT5B	1965
KMT5C	856
KNDC1	0
KNG1	384
KNL1	234
KNOP1	803
KNSTRN	91
KNTC1	396
KPNA1	1506
KPNA2	311
KPNA3	3206
KPNA4	3951
KPNA5	1897
KPNA6	4385
KPNA7	0
KPNB1	4409
KPTN	622
KRAS	1056
KRCC1	687
KREMEN1	597
KREMEN2	0
KRI1	1104
KRIT1	1704
KRR1	323
KRT18	20
KRT222	0
KRT23	2
KRT8	10
KRT80	1
KRTCAP2	409
KRTCAP3	174
KSR1	2310
KSR2	0
KTI12	1259
KTN1	991
KXD1	1455
KY	2
KYAT1	970
KYAT3	111
KYNU	123
L2HGDH	281
L3HYPDH	173
L3MBTL1	3
L3MBTL2	708
L3MBTL3	60
LACC1	535
LACTB	904
LACTB2	573
LACTBL1	0
LAD1	0
LAG3	7
LAGE3	176
LAMA1	0
LAMA2	2
LAMA3	54
LAMA4	4
LAMA5	23
LAMB1	1813
LAMB2	104
LAMB3	5
LAMB4	1
LAMC1	9
LAMC2	7
LAMC3	0
LAMP1	5576
LAMP2	2908
LAMP3	636
LAMP5	0
LAMTOR1	1380
LAMTOR2	242
LAMTOR3	654
LAMTOR4	860
LAMTOR5	1080
LANCL1	2020
LANCL2	251
LANCL3	14
LAP3	459
LAPTM4A	2624
LAPTM4B	0
LAPTM5	9428
LARGE1	408
LARGE2	257
LARP1	6180
LARP1B	1616
LARP4	2374
LARP4B	1925
LARP6	52
LARP7	1630
LARS1	1416
LARS2	291
LAS1L	608
LASP1	3236
LAT	256
LAT2	297
LATS1	1599
LATS2	1361
LAYN	41
LBH	787
LBR	3891
LBX1	0
LBX2	0
LCA5	308
LCA5L	5
LCAT	57
LCK	901
LCLAT1	974
LCMT1	1979
LCMT2	690
LCOR	415
LCORL	511
LCP1	3551
LCP2	1425
LCT	23
LCTL	6
LDAH	109
LDB1	20714
LDB2	0
LDB3	0
LDHA	1780
LDHB	1883
LDHD	1739
LDLR	5347
LDLRAD1	49
LDLRAD2	12
LDLRAD3	7
LDLRAD4	553
LDLRAP1	771
LEAP2	73
LECT2	2268
LEF1	40
LEKR1	1
LEMD1	117
LEMD2	3098
LEMD3	1101
LENG1	134
LENG8	7620
LENG9	73
LEO1	1381
LEPR	0
LEPROT	1653
LEPROTL1	1310
LETM1	1884
LETM2	829
LETMD1	789
LEXM	0
LFNG	882
LGALS1	103
LGALS12	21
LGALS2	1
LGALS3	576
LGALS4	1
LGALS7	24
LGALS8	1176
LGALS9	79
LGALSL	20
LGI1	0
LGI2	1
LGI3	0
LGMN	1003
LGR4	370
LGR5	2
LGR6	2
LGSN	0
LHFPL1	0
LHFPL2	167
LHFPL3	0
LHFPL4	12
LHFPL5	0
LHFPL6	31
LHX1	0
LHX2	2
LHX3	0
LHX4	0
LHX5	0
LHX6	0
LHX8	0
LHX9	1
LIAS	494
LIFR	7
LIG1	1411
LIG3	2629
LIG4	1332
LIM2	0
LIMA1	563
LIMCH1	264
LIMD1	54
LIMD2	1935
LIME1	107
LIMK1	1713
LIMK2	342
LIMS1	2714
LIMS2	185
LIN28A	0
LIN28B	0
LIN37	816
LIN52	633
LIN54	1673
LIN7A	42
LIN7B	19
LIN7C	795
LIN9	544
LINGO1	0
LINGO2	0
LINGO3	20
LINGO4	9
LINS1	776
LIPC	11
LIPG	40
LIPH	8
LIPI	0
LIPT1	144
LIPT2	178
LITAF	1691
LIX1	0
LIX1L	1036
LKAAEAR1	60
LLGL1	2597
LLGL2	557
LLPH	406
LMAN1	707
LMAN2	1306
LMAN2L	2739
LMBR1	1989
LMBR1L	36
LMBRD1	789
LMBRD2	2112
LMCD1	319
LMF1	39
LMF2	2329
LMLN	1102
LMNA	6911
LMNB1	812
LMNB2	212
LMNTD1	81
LMNTD2	1
LMO1	0
LMO2	3395
LMO3	1
LMO4	301
LMO7	38
LMOD1	9
LMOD2	0
LMOD3	0
LMTK2	1195
LMTK3	2
LMX1A	0
LMX1B	0
LNP1	1
LNPK	879
LNX1	7
LNX2	390
LOC102929294	7
LOC102929296	619
LOC102929298	8
LOC102929300	416
LOC102929303	3724
LOC102929304	0
LOC102929306	1609
LOC102929319	1803
LOC102929320	38
LOC102929328	2217
LOC102929329	631
LOC102929330	5
LOC102929332	302
LOC102929334	916
LOC102929337	163
LOC102929338	0
LOC102929341	12
LOC102929347	3
LOC102929349	0
LOC102929355	0
LOC102929363	0
LOC102929375	0
LOC102929379	653
LOC102929380	3735
LOC102929386	28
LOC102929400	4
LOC102929402	16
LOC102929418	2593
LOC102929426	1
LOC102929432	104
LOC102929436	0
LOC102929437	9
LOC102929444	25
LOC102929463	0
LOC102929468	0
LOC102929471	534
LOC102929476	0
LOC102929480	0
LOC102929496	9
LOC102929504	0
LOC102929512	1084
LOC102929519	23
LOC102929521	27
LOC102929522	757
LOC102929540	0
LOC102929541	1
LOC102929557	2679
LOC102929559	1167
LOC102929563	6
LOC102929567	203
LOC102929573	0
LOC102929581	0
LOC102929592	0
LOC102929593	225
LOC102929598	927
LOC102929601	8
LOC102929602	1204
LOC102929605	0
LOC102929613	412
LOC102929615	629
LOC102929631	4
LOC102929635	0
LOC102929639	363
LOC102929642	2008
LOC102929645	0
LOC102929646	2
LOC102929653	807
LOC102929658	1
LOC102929659	2374
LOC102929674	7272
LOC102929675	0
LOC102929686	177
LOC102929691	0
LOC102929705	2
LOC102929706	2
LOC102929707	1808
LOC102929712	561
LOC102929727	14
LOC102929734	378
LOC102929739	1513
LOC102929743	7
LOC102929745	60
LOC102929765	0
LOC102929785	4
LOC102929794	3566
LOC102929796	0
LOC102929807	0
LOC102929811	0
LOC102929814	123
LOC102929815	244
LOC102929816	129
LOC102929817	0
LOC102929823	1617
LOC102929825	0
LOC102929826	0
LOC102929832	17
LOC102929858	2
LOC102929868	72
LOC102929869	1647
LOC102929870	0
LOC102929876	0
LOC102929896	0
LOC102929897	0
LOC102929904	0
LOC102929917	19
LOC102929919	27
LOC102929923	341
LOC102929925	9
LOC102929953	0
LOC102929954	108
LOC102929958	952
LOC102929962	2
LOC102929967	1661
LOC102929969	0
LOC102929972	0
LOC102929983	5
LOC102929990	5
LOC102930002	2942
LOC102930009	6
LOC102930012	3926
LOC102930016	0
LOC102930020	0
LOC102930021	96
LOC102930027	2262
LOC102930032	401
LOC102930037	0
LOC102930039	0
LOC102930047	48
LOC102930066	477
LOC102930068	1
LOC102930073	0
LOC102930074	38
LOC102930080	32
LOC102930083	846
LOC102930087	0
LOC102930100	0
LOC102930108	0
LOC102930118	3651
LOC102930124	0
LOC102930125	0
LOC102930128	1
LOC102930146	5
LOC102930164	0
LOC102930167	26
LOC102930168	0
LOC102930172	85
LOC102930174	0
LOC102930178	365
LOC102930180	0
LOC102930181	1896
LOC102930182	82
LOC102930188	0
LOC102930190	457
LOC102930214	18
LOC102930224	0
LOC102930242	0
LOC102930247	0
LOC102930249	0
LOC102930258	0
LOC102930259	0
LOC102930260	10615
LOC102930263	3971
LOC102930284	308
LOC102930290	0
LOC102930296	1473
LOC102930302	0
LOC102930304	0
LOC102930306	10
LOC102930307	0
LOC102930316	0
LOC102930317	2
LOC102930320	1567
LOC102930321	0
LOC102930325	0
LOC102930327	152371
LOC102930333	0
LOC102930336	750
LOC102930339	332
LOC102930340	409
LOC102930343	1944
LOC102930345	71
LOC102930346	2670
LOC102930348	4
LOC102930351	11600
LOC102930362	1093
LOC102930379	852
LOC102930386	67
LOC102930393	646
LOC102930400	226
LOC102930401	0
LOC102930402	0
LOC102930405	0
LOC102930407	0
LOC102930420	0
LOC102930428	731
LOC102930433	418
LOC102930449	5476
LOC102930454	632
LOC102930455	0
LOC102930457	73
LOC102930458	278
LOC102930459	0
LOC102930460	3464
LOC102930462	0
LOC102930463	1540
LOC102930464	0
LOC102930467	0
LOC102930468	0
LOC102930479	0
LOC102930480	297
LOC102930496	9
LOC102930497	92
LOC102930500	1
LOC102930502	3
LOC102930516	1703
LOC102930517	24
LOC102930519	354
LOC102930531	0
LOC102930533	2620
LOC102930534	9
LOC102930540	739
LOC102930543	376
LOC102930544	101
LOC102930562	275
LOC102930572	56
LOC102930594	744
LOC102930603	0
LOC102930604	0
LOC102930605	2085
LOC102930609	18
LOC102930614	0
LOC102930615	2
LOC102930616	0
LOC102930620	2
LOC102930625	3076
LOC102930637	15
LOC102930643	576
LOC102930647	458
LOC102930663	17
LOC102930668	48
LOC102930670	2941
LOC102930671	1
LOC102930672	0
LOC102930674	34
LOC102930680	873
LOC102930687	0
LOC102930688	298239
LOC102930690	0
LOC102930697	0
LOC102930698	0
LOC102930701	8
LOC102930711	0
LOC102930724	98
LOC102930727	37
LOC102930738	911
LOC102930742	1494
LOC102930743	0
LOC102930750	742
LOC102930751	1136
LOC102930752	0
LOC102930758	0
LOC102930759	268
LOC102930761	1771
LOC102930765	0
LOC102930767	237
LOC102930774	4094
LOC102930789	11
LOC102930790	4281
LOC102930792	0
LOC102930801	0
LOC102930806	5
LOC102930812	2102
LOC102930817	5
LOC102930830	10
LOC102930835	0
LOC102930836	0
LOC102930837	0
LOC102930838	171
LOC102930848	473
LOC102930858	0
LOC102930860	0
LOC102930861	6
LOC102930865	0
LOC102930879	76
LOC102930882	374
LOC102930900	0
LOC102930902	2
LOC102930909	0
LOC102930910	0
LOC102930911	9
LOC102930916	1511
LOC102930921	0
LOC102930923	0
LOC102930929	0
LOC102930934	3
LOC102930947	1142
LOC102930949	789
LOC102930961	640
LOC102930962	2
LOC102930966	1595
LOC102930967	0
LOC102930976	0
LOC102930977	0
LOC102930984	0
LOC102930991	0
LOC102930994	0
LOC102930998	0
LOC102931004	4010
LOC102931005	6
LOC102931016	0
LOC102931017	897
LOC102931018	0
LOC102931021	2755
LOC102931023	567
LOC102931028	571
LOC102931032	320
LOC102931039	0
LOC102931047	706
LOC102931048	0
LOC102931053	443
LOC102931054	0
LOC102931056	0
LOC102931058	0
LOC102931059	0
LOC102931062	0
LOC102931067	0
LOC102931073	1
LOC102931077	260
LOC102931081	966
LOC102931111	28
LOC102931116	0
LOC102931125	7
LOC102931132	0
LOC102931141	880
LOC102931143	828
LOC102931149	83
LOC102931162	0
LOC102931183	0
LOC102931185	0
LOC102931188	0
LOC102931193	0
LOC102931201	0
LOC102931209	3756
LOC102931213	73
LOC102931216	858
LOC102931225	61
LOC102931230	85
LOC102931239	43
LOC102931241	270
LOC102931246	20
LOC102931260	1
LOC102931261	386
LOC102931267	815
LOC102931268	3
LOC102931271	85
LOC102931274	30
LOC102931277	0
LOC102931284	202
LOC102931294	6
LOC102931296	0
LOC102931305	86
LOC102931316	273
LOC102931330	14907
LOC102931332	355
LOC102931337	3
LOC102931340	1
LOC102931345	2
LOC102931347	1919
LOC102931356	665
LOC102931358	1340
LOC102931362	0
LOC102931365	38
LOC102931366	0
LOC102931368	2004
LOC102931370	1069
LOC102931375	537
LOC102931383	0
LOC102931389	0
LOC102931391	1222
LOC102931395	0
LOC102931399	0
LOC102931400	150
LOC102931403	352
LOC102931406	149
LOC102931410	23
LOC102931415	1
LOC102931425	7
LOC102931426	0
LOC102931430	0
LOC102931446	5041
LOC102931475	0
LOC102931483	388
LOC102931491	0
LOC102931493	1322
LOC102931501	233
LOC102931509	1127
LOC102931520	0
LOC102931528	801
LOC102931529	0
LOC102931533	0
LOC102931536	0
LOC102931538	0
LOC102931539	0
LOC102931543	0
LOC102931549	303
LOC102931559	0
LOC102931567	5
LOC102931573	1703
LOC102931579	6040
LOC102931603	0
LOC102931609	33
LOC102931614	0
LOC102931615	753
LOC102931618	0
LOC102931628	0
LOC102931633	0
LOC102931635	1
LOC102931639	8
LOC102931648	679
LOC102931653	0
LOC102931687	149
LOC102931689	0
LOC102931690	0
LOC102931696	0
LOC102931698	307
LOC102931701	1366
LOC102931710	1338
LOC102931711	29
LOC102931717	908
LOC102931718	135
LOC102931719	0
LOC102931720	4
LOC102931738	656
LOC102931741	2
LOC102931746	1186
LOC102931747	4
LOC102931751	0
LOC102931755	0
LOC102931758	4438
LOC102931768	194
LOC102931769	0
LOC102931771	1
LOC102931788	2
LOC102931790	5292
LOC102931795	0
LOC102931801	3
LOC102931802	0
LOC102931805	0
LOC102931811	0
LOC102931817	29
LOC102931824	1
LOC102931826	221
LOC102931833	0
LOC102931836	206
LOC102931845	0
LOC102931846	3
LOC102931853	636
LOC102931859	444
LOC102931862	59
LOC102931863	12
LOC102931868	2894
LOC102931881	0
LOC102931882	0
LOC102931887	88
LOC102931901	2
LOC102931917	189
LOC102931919	0
LOC102931921	465
LOC102931926	97
LOC102931927	4
LOC102931932	18
LOC102931952	2091
LOC102931955	225
LOC102931956	0
LOC102931958	19
LOC102931959	3150
LOC102931963	1
LOC102931965	3256
LOC102931983	1
LOC102931986	763
LOC102931998	1
LOC102932000	0
LOC102932022	11
LOC102932023	1
LOC102932025	293
LOC102932027	6
LOC102932028	0
LOC102932031	148
LOC102932035	929
LOC102932038	0
LOC102932042	1873
LOC102932049	651
LOC102932055	2076
LOC102932057	488
LOC102932064	213
LOC102932068	378
LOC102932088	0
LOC102932090	60
LOC102932092	779
LOC102932093	0
LOC102932106	2
LOC102932107	273
LOC102932122	638
LOC102932126	151
LOC102932138	9
LOC102932146	0
LOC102932153	2
LOC102932156	34
LOC102932159	700
LOC102932169	0
LOC102932171	651
LOC102932174	351
LOC102932175	321
LOC102932182	6
LOC102932184	343
LOC102932185	1097
LOC102932197	21
LOC102932213	641
LOC102932214	0
LOC102932219	1
LOC102932224	270
LOC102932229	1100
LOC102932233	0
LOC102932237	14
LOC102932238	2
LOC102932244	6
LOC102932247	1187
LOC102932250	3
LOC102932252	6
LOC102932256	1
LOC102932257	0
LOC102932261	0
LOC102932266	0
LOC102932267	0
LOC102932275	1769
LOC102932288	25
LOC102932289	3
LOC102932297	4
LOC102932310	0
LOC102932311	5172
LOC102932316	453
LOC102932317	0
LOC102932319	3
LOC102932329	1
LOC102932334	35
LOC102932337	0
LOC102932338	670
LOC102932339	589
LOC102932341	0
LOC102932346	431
LOC102932347	0
LOC102932357	3
LOC102932368	28
LOC102932374	298
LOC102932376	0
LOC102932384	0
LOC102932385	12
LOC102932396	1000
LOC102932398	27
LOC102932409	114
LOC102932410	553
LOC102932414	335
LOC102932420	0
LOC102932431	1
LOC102932438	0
LOC102932459	25
LOC102932460	0
LOC102932467	3
LOC102932468	1
LOC102932472	0
LOC102932477	0
LOC102932484	39
LOC102932487	0
LOC102932496	188
LOC102932498	0
LOC102932502	0
LOC102932505	0
LOC102932510	155
LOC102932517	613
LOC102932518	4
LOC102932523	1
LOC102932529	129
LOC102932532	2941
LOC102932536	1
LOC102932543	147
LOC102932558	0
LOC102932559	8
LOC102932562	3921
LOC102932571	0
LOC102932572	212
LOC102932593	0
LOC102932595	1075
LOC102932601	5
LOC102932609	579
LOC102932611	0
LOC102932612	18
LOC102932620	2761
LOC102932629	1467
LOC102932634	244
LOC102932653	825
LOC102932677	3397
LOC102932681	956
LOC102932685	0
LOC102932687	0
LOC102932691	3
LOC102932695	7
LOC102932697	0
LOC102932699	2200
LOC102932708	0
LOC102932715	194
LOC102932719	3091
LOC102932721	0
LOC102932725	0
LOC102932729	25
LOC102932760	69
LOC102932762	37
LOC102932767	126
LOC102932771	0
LOC102932774	517
LOC102932778	636
LOC102932780	2171
LOC102932781	525
LOC102932788	52
LOC102932794	10
LOC102932798	2
LOC102932805	648
LOC102932811	793
LOC102932816	0
LOC102932817	0
LOC102932819	366
LOC102932823	577
LOC102932824	56
LOC102932828	0
LOC102932837	0
LOC102932839	4
LOC102932847	553
LOC102932848	0
LOC102932855	279
LOC102932862	12
LOC102932865	0
LOC102932873	0
LOC102932875	5
LOC102932878	1
LOC102932892	6
LOC102932894	7
LOC102932895	2359
LOC102932900	2758
LOC102932906	0
LOC102932907	1782
LOC102932912	0
LOC102932918	423
LOC102932921	0
LOC102932929	0
LOC102932936	0
LOC102932940	4270
LOC102932941	444
LOC102932947	0
LOC102932959	144
LOC102932967	6
LOC102932975	0
LOC102932979	0
LOC102932988	0
LOC102932998	5
LOC102933006	674
LOC102933014	628
LOC102933016	0
LOC102933023	500
LOC102933024	4
LOC102933026	591
LOC102933032	1
LOC102933045	0
LOC102933055	362
LOC102933066	3095
LOC102933069	1
LOC102933071	0
LOC102933083	0
LOC102933084	0
LOC102933096	20
LOC102933104	1654
LOC102933112	841
LOC102933115	23
LOC102933117	3
LOC102933126	0
LOC102933128	1
LOC102933139	65
LOC102933140	4
LOC102933149	0
LOC102933164	114
LOC102933165	0
LOC102933170	511
LOC102933180	8
LOC102933189	0
LOC102933196	0
LOC102933198	39
LOC102933210	390
LOC102933211	1468
LOC102933212	2400
LOC102933214	1095
LOC102933215	15586
LOC102933224	673
LOC102933228	1
LOC102933252	0
LOC102933267	5
LOC102933270	0
LOC102933273	2
LOC102933276	0
LOC102933289	0
LOC102933291	1129
LOC102933292	0
LOC102933294	690
LOC102933298	451
LOC102933301	36
LOC102933304	0
LOC102933306	27
LOC102933309	633
LOC102933320	74
LOC102933321	13
LOC102933335	1867
LOC102933337	6
LOC102933342	153
LOC102933357	0
LOC102933366	0
LOC102933367	0
LOC102933374	0
LOC102933375	0
LOC102933377	0
LOC102933380	0
LOC102933381	4694
LOC102933392	71
LOC102933397	1
LOC102933398	0
LOC102933401	2
LOC102933418	750
LOC102933430	0
LOC102933443	0
LOC102933452	843
LOC102933456	4200
LOC102933461	4
LOC102933462	295
LOC102933466	0
LOC102933470	9
LOC102933472	786
LOC102933475	1529
LOC102933476	9
LOC102933477	229
LOC102933481	0
LOC102933484	455
LOC102933485	9
LOC102933496	1
LOC102933500	0
LOC102933505	811
LOC102933512	2
LOC102933516	5
LOC102933523	19
LOC102933526	423
LOC102933531	12
LOC102933533	0
LOC102933536	4
LOC102933556	5
LOC102933559	887
LOC102933561	11
LOC102933567	1319
LOC102933568	77
LOC102933579	1358
LOC102933580	165
LOC102933584	481
LOC102933596	14
LOC102933620	2
LOC102933625	0
LOC102933626	0
LOC102933627	0
LOC102933630	16
LOC102933647	0
LOC102933667	1
LOC102933677	6
LOC102933681	919
LOC102933687	4
LOC102933689	6493
LOC102933692	1
LOC102933702	3
LOC102933707	0
LOC102933710	0
LOC102933716	4050
LOC102933724	0
LOC102933727	37
LOC102933733	211
LOC102933736	206
LOC102933737	0
LOC102933740	36
LOC102933747	0
LOC102933752	0
LOC102933762	0
LOC102933768	0
LOC102933770	644
LOC102933773	0
LOC102933782	0
LOC102933796	33
LOC102933797	0
LOC102933813	2201
LOC102933817	150
LOC102933822	9
LOC102933829	4072
LOC102933833	0
LOC102933838	0
LOC102933839	0
LOC102933858	0
LOC102933872	22
LOC102933873	426
LOC102933875	8
LOC102933876	3
LOC102933881	1930
LOC102933891	0
LOC102933893	0
LOC102933895	0
LOC102933901	870
LOC102933915	0
LOC102933916	34
LOC102933920	40
LOC102933921	0
LOC102933929	0
LOC102933937	17
LOC102933943	499
LOC102933947	4
LOC102933956	0
LOC102933963	0
LOC102933968	1
LOC102933972	131
LOC102933975	5
LOC102933981	0
LOC102933989	0
LOC102933993	0
LOC102933996	161
LOC102933998	1120
LOC102934000	1
LOC102934002	0
LOC102934008	0
LOC102934012	231
LOC102934016	0
LOC102934017	3204
LOC102934018	1074
LOC102934019	0
LOC102934027	3
LOC102934028	0
LOC102934029	0
LOC102934032	819
LOC102934043	48
LOC102934044	29
LOC102934045	0
LOC102934053	0
LOC102934058	0
LOC102934067	0
LOC102934068	712
LOC102934070	0
LOC102934082	3
LOC102934085	4
LOC102934089	0
LOC102934091	1118
LOC102934102	0
LOC102934118	6
LOC102934120	0
LOC102934124	11
LOC102934126	0
LOC102934134	49
LOC102934148	0
LOC102934149	1
LOC102934150	0
LOC102934153	555
LOC102934154	240
LOC102934171	12039
LOC102934175	586
LOC102934184	75
LOC102934201	0
LOC102934207	3
LOC102934211	0
LOC102934217	198
LOC102934219	42
LOC102934220	0
LOC102934221	5
LOC102934223	326
LOC102934226	0
LOC102934233	0
LOC102934237	3
LOC102934239	6
LOC102934244	0
LOC102934247	47
LOC102934258	0
LOC102934268	11
LOC102934270	0
LOC102934274	951
LOC102934278	16
LOC102934284	0
LOC102934291	0
LOC102934292	24
LOC102934294	0
LOC102934296	0
LOC102934304	735
LOC102934309	51
LOC102934311	10
LOC102934314	0
LOC102934318	914
LOC102934321	7
LOC102934334	470
LOC102934343	1
LOC102934346	1
LOC102934350	522
LOC102934356	3936
LOC102934359	298
LOC102934360	4
LOC102934367	237
LOC102934368	0
LOC102934370	25
LOC102934373	19
LOC102934383	0
LOC102934384	1708
LOC102934399	0
LOC102934404	428
LOC102934412	0
LOC102934415	0
LOC102934420	1648
LOC102934432	2
LOC102934445	234
LOC102934451	0
LOC102934452	0
LOC102934457	0
LOC102934459	1
LOC102934462	3
LOC102934467	0
LOC102934476	1160
LOC102934482	0
LOC102934496	0
LOC102934498	1026
LOC102934506	0
LOC102934510	0
LOC102934511	39
LOC102934513	0
LOC102934518	6
LOC102934529	524
LOC102934530	2300
LOC102934533	508
LOC102934534	0
LOC102934536	19
LOC102934537	211
LOC102934578	0
LOC102934583	3
LOC102934584	0
LOC102934591	0
LOC102934593	3235
LOC102934594	917
LOC102934596	0
LOC102934598	0
LOC102934623	0
LOC102934640	224
LOC102934644	369
LOC102934650	0
LOC102934655	148
LOC102934666	20
LOC102934674	0
LOC102934681	0
LOC102934685	169
LOC102934689	50
LOC102934704	3
LOC102934708	46
LOC102934713	204
LOC102934719	194
LOC102934722	0
LOC102934728	0
LOC102934730	0
LOC102934741	41
LOC102934750	357
LOC102934752	2
LOC102934753	0
LOC102934754	2851
LOC102934776	1547
LOC102934788	235
LOC102934790	10
LOC102934794	1
LOC102934802	34
LOC102934807	4053
LOC102934810	0
LOC102934811	1290
LOC102934813	176
LOC102934814	3130
LOC102934819	0
LOC102934820	0
LOC102934823	0
LOC102934828	3084
LOC102934833	1406
LOC102934842	0
LOC102934843	0
LOC102934851	1361
LOC102934852	0
LOC102934855	1
LOC102934864	6
LOC102934866	0
LOC102934869	140
LOC102934871	0
LOC102934879	1
LOC102934889	0
LOC102934895	0
LOC102934896	0
LOC102934908	226
LOC102934918	3
LOC102934920	763
LOC102934932	2
LOC102934946	0
LOC102934954	0
LOC102934956	6407
LOC102934959	0
LOC102934965	61
LOC102934973	0
LOC102934975	50
LOC102934984	299
LOC102934987	1593
LOC102934993	0
LOC102934999	0
LOC102935007	23
LOC102935020	109
LOC102935027	1
LOC102935035	3556
LOC102935038	1455
LOC102935044	0
LOC102935046	0
LOC102935053	34
LOC102935074	0
LOC102935080	0
LOC102935087	1
LOC102935101	0
LOC102935104	0
LOC102935107	0
LOC102935112	7
LOC102935115	2
LOC102935119	1
LOC102935120	3061
LOC102935122	0
LOC102935129	0
LOC102935130	41
LOC102935133	0
LOC102935146	315
LOC102935163	6
LOC102935175	520
LOC102935178	0
LOC102935179	0
LOC102935193	763
LOC102935213	125
LOC102935221	0
LOC102935233	3
LOC102935237	1424
LOC102935239	7
LOC102935248	44
LOC102935257	7
LOC102935273	2
LOC102935276	0
LOC102935277	488
LOC102935280	0
LOC102935283	0
LOC102935284	478
LOC102935293	4
LOC102935318	0
LOC102935319	0
LOC102935328	0
LOC102935331	0
LOC102935338	169
LOC102935347	547
LOC102935349	0
LOC102935352	12810
LOC102935353	2683
LOC102935356	0
LOC102935357	843
LOC102935360	0
LOC102935364	4
LOC102935380	0
LOC102935382	0
LOC102935383	648
LOC102935385	348
LOC102935393	5
LOC102935399	1070
LOC102935401	0
LOC102935409	346
LOC102935415	12102
LOC102935416	0
LOC102935421	0
LOC102935423	1201
LOC102935425	1632
LOC102935427	476
LOC102935435	0
LOC102935436	76
LOC102935443	0
LOC102935455	23
LOC102935457	2
LOC102935469	15
LOC102935470	1133
LOC102935471	0
LOC102935475	2026
LOC102935479	642
LOC102935481	0
LOC102935487	1085
LOC102935498	0
LOC102935505	0
LOC102935507	534
LOC102935510	4116
LOC102935513	1323
LOC102935514	0
LOC102935521	0
LOC102935522	4729
LOC102935532	0
LOC102935533	1
LOC102935537	11
LOC102935539	0
LOC102935545	0
LOC102935546	709
LOC102935547	961
LOC102935560	156
LOC102935561	5
LOC102935565	1193
LOC102935567	0
LOC102935571	0
LOC102935573	0
LOC102935577	0
LOC102935579	0
LOC102935590	0
LOC102935597	32
LOC102935609	1
LOC102935612	28
LOC102935616	2279
LOC102935619	2524
LOC102935622	0
LOC102935628	187
LOC102935635	0
LOC102935641	178
LOC102935645	641
LOC102935654	8
LOC102935655	0
LOC102935656	745
LOC102935661	289
LOC102935665	0
LOC102935666	203
LOC102935669	1
LOC102935672	0
LOC102935673	396
LOC102935675	983
LOC102935676	3523
LOC102935682	60
LOC102935694	402
LOC102935695	183
LOC102935703	1
LOC102935704	9
LOC102935708	0
LOC102935717	0
LOC102935720	810
LOC102935726	0
LOC102935738	11
LOC102935745	0
LOC102935747	1
LOC102935762	158
LOC102935774	1779
LOC102935775	0
LOC102935780	380
LOC102935783	7615
LOC102935787	0
LOC102935790	0
LOC102935794	0
LOC102935795	19
LOC102935798	5
LOC102935799	15958
LOC102935805	0
LOC102935810	4
LOC102935813	4
LOC102935816	0
LOC102935830	68
LOC102935831	1559
LOC102935841	910
LOC102935849	0
LOC102935850	3
LOC102935854	0
LOC102935859	4
LOC102935860	2419
LOC102935864	0
LOC102935865	0
LOC102935868	491
LOC102935871	240
LOC102935872	0
LOC102935877	1309
LOC102935880	0
LOC102935892	0
LOC102935914	67
LOC102935927	22
LOC102935931	0
LOC102935938	0
LOC102935944	38
LOC102935949	1
LOC102935961	0
LOC102935962	9
LOC102935973	2018
LOC102935986	0
LOC102935991	0
LOC102935994	0
LOC102936002	133
LOC102936018	0
LOC102936028	0
LOC102936031	7325
LOC102936040	1
LOC102936042	4
LOC102936047	2817
LOC102936056	86
LOC102936057	0
LOC102936075	10
LOC102936081	154
LOC102936082	0
LOC102936087	0
LOC102936090	1065
LOC102936095	70
LOC102936097	0
LOC102936099	0
LOC102936105	0
LOC102936106	0
LOC102936111	1617
LOC102936120	0
LOC102936122	2
LOC102936124	617
LOC102936138	547
LOC102936139	38
LOC102936143	159
LOC102936148	925
LOC102936157	77
LOC102936161	0
LOC102936167	0
LOC102936169	30
LOC102936185	2
LOC102936186	1601
LOC102936206	5653
LOC102936218	0
LOC102936219	21
LOC102936223	40
LOC102936229	106
LOC102936232	0
LOC102936238	41
LOC102936239	0
LOC102936258	0
LOC102936260	158
LOC102936264	0
LOC102936272	69
LOC102936288	2
LOC102936290	136
LOC102936291	0
LOC102936292	20
LOC102936293	0
LOC102936296	0
LOC102936298	3
LOC102936306	15
LOC102936310	8
LOC102936320	232
LOC102936323	704
LOC102936325	1484
LOC102936326	32
LOC102936329	116
LOC102936331	0
LOC102936339	28
LOC102936345	0
LOC102936353	1
LOC102936360	5
LOC102936378	762
LOC102936380	48
LOC102936385	18
LOC102936391	0
LOC102936397	552
LOC102936399	0
LOC102936401	0
LOC102936403	0
LOC102936405	637
LOC102936412	0
LOC102936416	4
LOC102936417	1
LOC102936443	29
LOC102936453	25
LOC102936460	0
LOC102936461	0
LOC102936464	1
LOC102936466	484
LOC102936468	35
LOC102936475	95
LOC102936476	65
LOC102936479	12
LOC102936481	0
LOC102936490	1
LOC102936499	0
LOC102936501	0
LOC102936502	1566
LOC102936508	3
LOC102936514	1
LOC102936516	0
LOC102936517	246
LOC102936523	231
LOC102936526	0
LOC102936537	2440
LOC102936539	2
LOC102936545	57
LOC102936554	0
LOC102936556	288
LOC102936557	747
LOC102936572	708
LOC102936573	0
LOC102936578	10219
LOC102936590	24
LOC102936602	141
LOC102936608	0
LOC102936613	399
LOC102936614	168
LOC102936618	1205
LOC102936619	95
LOC102936621	0
LOC102936625	0
LOC102936628	163
LOC102936629	0
LOC102936642	17
LOC102936644	0
LOC102936658	740
LOC102936664	0
LOC102936668	6830
LOC102936669	30
LOC102936679	2
LOC102936683	75
LOC102936684	0
LOC102936689	0
LOC102936691	0
LOC102936705	794
LOC102936721	549
LOC102936729	2642
LOC102936731	0
LOC102936732	8
LOC102936734	0
LOC102936741	1
LOC102936745	7
LOC102936749	20
LOC102936750	0
LOC102936754	595
LOC102936759	715
LOC102936765	258
LOC102936766	5
LOC102936769	6331
LOC102936772	0
LOC102936780	0
LOC102936782	1462
LOC102936783	7
LOC102936796	0
LOC102936798	3417
LOC102936806	2273
LOC102936807	0
LOC102936809	0
LOC102936819	0
LOC102936828	3
LOC102936834	5
LOC102936836	2
LOC102936837	0
LOC102936849	108
LOC102936856	0
LOC102936858	0
LOC102936860	3
LOC102936869	0
LOC102936874	0
LOC102936895	1567
LOC102936898	0
LOC102936899	0
LOC102936900	544
LOC102936902	0
LOC102936904	8562
LOC102936907	13
LOC102936908	4
LOC102936912	45
LOC102936924	0
LOC102936932	3
LOC102936939	45
LOC102936940	1
LOC102936958	119
LOC102936965	0
LOC102936982	0
LOC102936983	1
LOC102936991	0
LOC102936995	1646
LOC102936998	2739
LOC102937000	379
LOC102937003	0
LOC102937007	778
LOC102937011	172
LOC102937013	3889
LOC102937017	3
LOC102937026	31
LOC102937029	0
LOC102937037	0
LOC102937044	1
LOC102937054	0
LOC102937055	0
LOC102937061	33
LOC102937071	0
LOC102937072	685
LOC102937077	249
LOC102937091	11
LOC102937094	0
LOC102937106	287
LOC102937109	3
LOC102937112	572
LOC102937114	14
LOC102937122	664
LOC102937124	0
LOC102937127	0
LOC102937132	0
LOC102937140	0
LOC102937142	0
LOC102937143	2152
LOC102937146	4409
LOC102937150	14
LOC102937152	0
LOC102937153	1335
LOC102937154	0
LOC102937160	31
LOC102937166	3
LOC102937173	0
LOC102937175	2
LOC102937186	1091
LOC102937194	4
LOC102937205	377
LOC102937210	218
LOC102937211	1
LOC102937217	236
LOC102937225	32
LOC102937231	1145
LOC102937233	186
LOC102937235	2
LOC102937237	2193
LOC102937241	0
LOC102937242	0
LOC102937254	0
LOC102937262	1
LOC102937263	0
LOC102937275	42
LOC102937279	3156
LOC102937281	0
LOC102937282	0
LOC102937284	0
LOC102937302	43
LOC102937305	602
LOC102937308	896
LOC102937318	4656
LOC102937320	1
LOC102937321	509
LOC102937323	0
LOC102937329	1778
LOC102937336	193
LOC102937338	0
LOC102937339	0
LOC102937340	4
LOC102937342	0
LOC102937353	0
LOC102937354	0
LOC102937381	2833
LOC102937384	9
LOC102937385	23
LOC102937387	0
LOC102937391	0
LOC102937397	0
LOC102937417	647
LOC102937418	0
LOC102937420	0
LOC102937422	2498
LOC102937427	0
LOC102937429	3
LOC102937438	1
LOC102937440	0
LOC102937449	391
LOC102937464	0
LOC102937470	4
LOC102937471	0
LOC102937474	0
LOC102937477	832
LOC102937485	0
LOC102937488	27
LOC102937495	1445
LOC102937504	341
LOC102937511	0
LOC102937515	20
LOC102937516	246
LOC102937518	231
LOC102937531	2
LOC102937532	108
LOC102937534	2
LOC102937536	0
LOC102937538	0
LOC102937550	0
LOC102937553	0
LOC102937554	853
LOC102937561	934
LOC102937581	0
LOC102937583	1
LOC102937587	1635
LOC102937591	4221
LOC102937600	49
LOC102937604	14328
LOC102937610	3
LOC102937613	0
LOC102937614	1
LOC102937615	126
LOC102937619	1
LOC102937623	0
LOC102937624	1273
LOC102937625	20
LOC102937627	6
LOC102937636	5654
LOC102937641	0
LOC102937654	10
LOC102937661	12
LOC102937668	0
LOC102937672	1885
LOC102937677	60
LOC102937686	590
LOC102937687	835
LOC102937701	168
LOC102937703	2946
LOC102937705	0
LOC102937715	49
LOC102937734	0
LOC102937739	0
LOC102937742	0
LOC102937744	818
LOC102937746	975
LOC102937747	130
LOC102937749	0
LOC102937750	31
LOC102937754	744
LOC102937758	1681
LOC102937767	1525
LOC102937778	2
LOC102937779	1250
LOC102937783	26
LOC102937787	1519
LOC102937789	2122
LOC102937799	1
LOC102937805	0
LOC102937830	0
LOC102937832	0
LOC102937837	37
LOC102937840	129
LOC102937843	88
LOC102937851	1252
LOC102937852	517
LOC102937856	3704
LOC102937862	465
LOC102937867	180
LOC102937870	0
LOC102937872	6
LOC102937877	0
LOC102937883	1
LOC102937884	1899
LOC102937887	0
LOC102937891	0
LOC102937901	0
LOC102937910	544
LOC102937912	0
LOC102937914	370
LOC102937918	1786
LOC102937928	15998
LOC102937929	0
LOC102937933	2062
LOC102937936	7595
LOC102937938	0
LOC102937940	0
LOC102937943	862
LOC102937958	576
LOC102937966	0
LOC102937969	1087
LOC102937978	745
LOC102937979	295
LOC102938002	0
LOC102938005	0
LOC102938006	248
LOC102938021	102
LOC102938031	125
LOC102938057	0
LOC102938060	191
LOC102938066	645
LOC102938070	121
LOC102938078	17
LOC102938113	4
LOC102938117	0
LOC102938118	579
LOC102938126	6
LOC102938128	0
LOC102938129	2849
LOC102938133	6
LOC102938144	1
LOC102938145	2654
LOC102938147	1
LOC102938156	427
LOC102938157	256
LOC102938167	50
LOC102938172	51
LOC102938176	1
LOC102938182	1595
LOC102938183	0
LOC102938188	0
LOC102938194	79
LOC102938196	129
LOC102938207	398
LOC102938209	1769
LOC102938210	54
LOC102938230	0
LOC102938233	1
LOC102938234	0
LOC102938236	0
LOC102938237	0
LOC102938241	2
LOC102938270	0
LOC102938287	1
LOC102938292	609
LOC102938295	243
LOC102938297	45
LOC102938298	0
LOC102938308	1
LOC102938309	0
LOC102938324	108
LOC102938329	7
LOC102938330	670
LOC102938334	17
LOC102938341	0
LOC102938351	3289
LOC102938369	80
LOC102938375	819
LOC102938377	6
LOC102938386	0
LOC102938389	0
LOC102938391	16
LOC102938395	0
LOC102938406	40
LOC102938418	2014
LOC102938420	23
LOC102938422	155
LOC102938434	3285
LOC102938437	1100
LOC102938446	0
LOC102938452	0
LOC102938464	0
LOC102938491	76
LOC102938505	1
LOC102938506	35
LOC102938507	1028
LOC102938510	59109
LOC102938512	233
LOC102938515	55
LOC102938524	8
LOC102938547	334
LOC102938555	463
LOC102938557	19
LOC102938560	108
LOC102938562	11
LOC102938571	181
LOC102938577	7
LOC102938581	486
LOC102938586	1
LOC102938596	32
LOC102938599	399
LOC102938600	0
LOC102938607	20
LOC102938611	396
LOC102938615	10
LOC102938622	2281
LOC102938627	104
LOC102938634	86
LOC102938635	0
LOC102938641	0
LOC102938648	0
LOC102938652	2
LOC102938654	5
LOC102938660	13175
LOC102938665	0
LOC102938676	0
LOC102938677	3
LOC102938681	105
LOC102938683	1146
LOC102938685	981
LOC102938687	739
LOC102938691	184
LOC102938693	443
LOC102938707	56
LOC102938708	1
LOC102938712	0
LOC102938714	137
LOC102938716	5
LOC102938718	1
LOC102938721	0
LOC102938725	1
LOC102938726	4
LOC102938733	21
LOC102938736	467
LOC102938741	103
LOC102938742	58
LOC102938747	611
LOC102938756	0
LOC102938779	7
LOC102938783	0
LOC102938791	8
LOC102938800	0
LOC102938804	530
LOC102938809	2
LOC102938815	87
LOC102938818	3
LOC102938823	25
LOC102938825	6
LOC102938834	33
LOC102938858	9
LOC102938867	0
LOC102938868	1713
LOC102938872	3
LOC102938874	105
LOC102938875	76
LOC102938876	1
LOC102938880	0
LOC102938889	0
LOC102938894	0
LOC102938895	0
LOC102938901	183
LOC102938904	0
LOC102938910	0
LOC102938913	24
LOC102938917	0
LOC102938919	1711
LOC102938920	497
LOC102938923	136
LOC102938924	17
LOC102938927	19
LOC102938934	145
LOC102938936	945
LOC102938940	2
LOC102938941	73
LOC102938944	28
LOC102938945	2953
LOC102938946	7240
LOC102938947	524
LOC102938951	0
LOC102938952	352
LOC102938954	351
LOC102938961	105
LOC102938962	0
LOC102938968	63
LOC102938979	0
LOC102938990	1353
LOC102939000	25
LOC102939002	281
LOC102939003	1
LOC102939004	0
LOC102939008	2
LOC102939025	0
LOC102939027	45
LOC102939028	0
LOC102939033	0
LOC102939037	0
LOC102939039	191
LOC102939044	434
LOC102939051	725
LOC102939068	8
LOC102939086	253
LOC102939094	136
LOC102939096	16
LOC102939097	2
LOC102939112	0
LOC102939121	185
LOC102939122	1825
LOC102939126	0
LOC102939127	0
LOC102939129	17
LOC102939133	0
LOC102939148	0
LOC102939157	1370
LOC102939158	7
LOC102939160	11
LOC102939168	0
LOC102939173	1584815
LOC102939176	37
LOC102939178	0
LOC102939179	2125
LOC102939180	0
LOC102939181	1404
LOC102939186	0
LOC102939187	16
LOC102939195	3661
LOC102939197	0
LOC102939200	374
LOC102939222	150
LOC102939225	0
LOC102939234	1
LOC102939235	0
LOC102939238	0
LOC102939243	0
LOC102939244	0
LOC102939248	0
LOC102939253	0
LOC102939257	29
LOC102939259	0
LOC102939266	14
LOC102939269	500
LOC102939271	513
LOC102939288	1304
LOC102939302	66
LOC102939310	0
LOC102939317	5
LOC102939319	0
LOC102939322	801
LOC102939324	20
LOC102939330	0
LOC102939336	53
LOC102939338	782
LOC102939343	4
LOC102939344	681
LOC102939346	0
LOC102939352	0
LOC102939355	0
LOC102939360	713
LOC102939363	2275
LOC102939369	3
LOC102939374	27
LOC102939384	536
LOC102939398	1
LOC102939399	152
LOC102939406	1
LOC102939408	28
LOC102939415	0
LOC102939416	0
LOC102939417	31
LOC102939425	66
LOC102939430	11607
LOC102939434	5
LOC102939450	10585
LOC102939453	0
LOC102939462	0
LOC102939466	0
LOC102939469	430
LOC102939470	545
LOC102939472	731
LOC102939474	2
LOC102939477	2
LOC102939482	0
LOC102939489	3109
LOC102939494	21231
LOC102939502	798
LOC102939508	23
LOC102939517	0
LOC102939519	273
LOC102939531	5
LOC102939540	800
LOC102939543	15
LOC102939567	0
LOC102939600	0
LOC102939603	6
LOC102939605	0
LOC102939610	346
LOC102939616	0
LOC102939620	6208
LOC102939623	551
LOC102939630	3
LOC102939631	29
LOC102939633	3
LOC102939639	0
LOC102939649	16
LOC102939650	0
LOC102939664	0
LOC102939665	0
LOC102939668	0
LOC102939670	49
LOC102939676	0
LOC102939677	811
LOC102939682	501
LOC102939683	169
LOC102939685	572
LOC102939687	321
LOC102939692	0
LOC102939696	0
LOC102939702	12
LOC102939711	520
LOC102939725	1
LOC102939739	99
LOC102939745	26
LOC102939751	0
LOC102939759	0
LOC102939760	271
LOC102939778	0
LOC102939780	1
LOC102939782	2
LOC102939786	461
LOC102939794	992
LOC102939799	10
LOC102939812	212
LOC102939813	257
LOC102939815	1076
LOC102939820	71
LOC102939824	1
LOC102939826	4
LOC102939829	2
LOC102939832	6
LOC102939841	0
LOC102939850	9
LOC102939851	0
LOC102939869	198
LOC102939893	14
LOC102939894	0
LOC102939895	540
LOC102939897	1096
LOC102939904	15
LOC102939908	0
LOC102939909	0
LOC102939914	0
LOC102939916	267
LOC102939922	178
LOC102939926	252
LOC102939929	0
LOC102939936	10
LOC102939940	0
LOC102939941	745
LOC102939944	835
LOC102939947	0
LOC102939959	1
LOC102939961	1
LOC102939967	10
LOC102939969	0
LOC102939970	878
LOC102939974	0
LOC102939981	6219
LOC102939983	0
LOC102939986	0
LOC102939992	49
LOC102940008	1
LOC102940015	28
LOC102940020	24
LOC102940021	172
LOC102940027	17
LOC102940035	733
LOC102940044	0
LOC102940046	0
LOC102940051	475
LOC102940052	587
LOC102940053	0
LOC102940054	295
LOC102940059	2823
LOC102940061	1
LOC102940064	52
LOC102940068	4
LOC102940081	698
LOC102940092	7
LOC102940094	0
LOC102940111	0
LOC102940113	0
LOC102940117	0
LOC102940118	1397
LOC102940120	565
LOC102940124	168
LOC102940134	0
LOC102940140	0
LOC102940142	39
LOC102940144	0
LOC102940147	0
LOC102940154	4
LOC102940161	864
LOC102940173	161
LOC102940178	513
LOC102940179	1
LOC102940187	201
LOC102940188	0
LOC102940192	13
LOC102940196	16
LOC102940200	0
LOC102940202	1696
LOC102940204	0
LOC102940209	52
LOC102940223	2
LOC102940230	0
LOC102940233	1
LOC102940236	6
LOC102940248	0
LOC102940253	266
LOC102940256	0
LOC102940263	1
LOC102940266	3
LOC102940268	0
LOC102940272	94
LOC102940274	2101
LOC102940275	5
LOC102940278	3
LOC102940281	254
LOC102940283	0
LOC102940290	2
LOC102940291	0
LOC102940303	0
LOC102940321	4
LOC102940329	192
LOC102940333	0
LOC102940341	5
LOC102940352	356
LOC102940354	0
LOC102940372	4872
LOC102940373	3617
LOC102940374	0
LOC102940382	2
LOC102940383	549
LOC102940394	0
LOC102940399	41
LOC102940403	27
LOC102940407	9
LOC102940420	0
LOC102940422	0
LOC102940442	18
LOC102940444	0
LOC102940455	329
LOC102940459	3703
LOC102940470	3
LOC102940472	44
LOC102940473	1680
LOC102940475	280
LOC102940476	0
LOC102940478	0
LOC102940479	0
LOC102940483	3
LOC102940485	6
LOC102940490	0
LOC102940499	2154
LOC102940501	1
LOC102940507	4
LOC102940517	0
LOC102940525	0
LOC102940526	58
LOC102940530	3
LOC102940547	0
LOC102940550	0
LOC102940551	4997
LOC102940552	0
LOC102940556	15039
LOC102940559	11
LOC102940561	0
LOC102940565	0
LOC102940568	2
LOC102940571	0
LOC102940573	0
LOC102940584	1
LOC102940592	1
LOC102940605	267
LOC102940606	1117
LOC102940628	78
LOC102940632	42
LOC102940639	0
LOC102940643	0
LOC102940644	163
LOC102940647	23
LOC102940649	1
LOC102940652	466
LOC102940653	0
LOC102940657	7
LOC102940682	1091
LOC102940685	53
LOC102940696	0
LOC102940697	622
LOC102940701	20
LOC102940703	144
LOC102940704	1368
LOC102940707	1
LOC102940712	0
LOC102940714	568
LOC102940718	0
LOC102940725	3
LOC102940735	3
LOC102940738	1713
LOC102940750	0
LOC102940753	0
LOC102940755	0
LOC102940756	2240
LOC102940760	151
LOC102940765	0
LOC102940771	348
LOC102940776	55
LOC102940777	53
LOC102940780	8781
LOC102940782	0
LOC102940786	483
LOC102940789	27
LOC102940792	392
LOC102940797	0
LOC102940815	703
LOC102940831	1110
LOC102940836	0
LOC102940858	0
LOC102940862	192
LOC102940874	6
LOC102940882	414
LOC102940887	0
LOC102940905	30
LOC102940908	57
LOC102940911	1293
LOC102940912	394
LOC102940914	23
LOC102940915	0
LOC102940923	1
LOC102940927	0
LOC102940928	97
LOC102940929	515
LOC102940930	50
LOC102940935	90
LOC102940937	1719
LOC102940945	1251
LOC102940955	545
LOC102940965	107
LOC102940977	0
LOC102940981	9
LOC102940984	291
LOC102940988	60
LOC102940996	17
LOC102941007	0
LOC102941010	6
LOC102941014	312
LOC102941016	287
LOC102941028	1484
LOC102941036	0
LOC102941038	1444
LOC102941049	17
LOC102941054	6
LOC102941068	1705
LOC102941070	0
LOC102941073	1
LOC102941075	24991
LOC102941076	0
LOC102941077	0
LOC102941079	397
LOC102941080	4
LOC102941083	334
LOC102941098	0
LOC102941119	81
LOC102941138	3004
LOC102941144	15
LOC102941149	0
LOC102941151	11
LOC102941152	0
LOC102941158	165
LOC102941160	0
LOC102941178	0
LOC102941195	0
LOC102941199	1
LOC102941200	0
LOC102941203	189
LOC102941206	0
LOC102941213	1
LOC102941214	2
LOC102941219	1381
LOC102941225	1
LOC102941238	1
LOC102941241	2963
LOC102941244	525
LOC102941252	2213
LOC102941255	0
LOC102941257	0
LOC102941263	2724
LOC102941275	7
LOC102941277	0
LOC102941278	7
LOC102941286	0
LOC102941293	252
LOC102941295	13
LOC102941298	0
LOC102941303	157
LOC102941305	91
LOC102941321	696
LOC102941327	67
LOC102941337	1
LOC102941340	2
LOC102941341	186
LOC102941343	17
LOC102941345	0
LOC102941352	65
LOC102941353	28
LOC102941357	0
LOC102941358	1604
LOC102941365	917
LOC102941370	1
LOC102941371	0
LOC102941373	3
LOC102941377	33
LOC102941380	5919
LOC102941387	18
LOC102941393	0
LOC102941397	0
LOC102941408	335
LOC102941409	1
LOC102941417	629
LOC102941422	8
LOC102941426	5
LOC102941430	185
LOC102941433	0
LOC102941435	0
LOC102941438	1114
LOC102941440	4
LOC102941444	750
LOC102941445	1138
LOC102941450	1660
LOC102941452	5289
LOC102941457	0
LOC102941459	638
LOC102941461	736
LOC102941465	5028
LOC102941466	1304
LOC102941470	1
LOC102941485	1
LOC102941494	981
LOC102941495	0
LOC102941505	0
LOC102941510	3
LOC102941511	245
LOC102941512	511
LOC102941514	0
LOC102941516	9
LOC102941525	225
LOC102941530	0
LOC102941531	0
LOC102941532	0
LOC102941539	314
LOC102941540	2629
LOC102941549	0
LOC102941566	243
LOC102941574	20
LOC102941576	0
LOC102941590	6
LOC102941598	0
LOC102941612	22
LOC102941617	377
LOC102941632	547
LOC102941633	41
LOC102941641	2
LOC102941645	1
LOC102941653	854
LOC102941655	2
LOC102941656	0
LOC102941668	66
LOC102941678	0
LOC102941682	550
LOC102941683	2690
LOC102941689	0
LOC102941694	163
LOC102941695	2
LOC102941700	0
LOC102941709	206
LOC102941711	283
LOC102941720	3
LOC102941723	0
LOC102941728	0
LOC102941729	1155
LOC102941731	124
LOC102941737	16
LOC102941738	832
LOC102941740	7545
LOC102941751	3
LOC102941753	2
LOC102941754	0
LOC102941755	0
LOC102941763	0
LOC102941765	38
LOC102941775	0
LOC102941782	90
LOC102941784	43
LOC102941785	0
LOC102941808	0
LOC102941811	1393
LOC102941814	738
LOC102941815	0
LOC102941816	71
LOC102941819	698
LOC102941826	0
LOC102941835	331
LOC102941837	0
LOC102941838	0
LOC102941848	28
LOC102941854	0
LOC102941857	1
LOC102941858	0
LOC102941860	20
LOC102941863	1755
LOC102941873	0
LOC102941880	0
LOC102941881	999
LOC102941897	526
LOC102941904	775
LOC102941909	17440
LOC102941915	0
LOC102941916	156
LOC102941931	0
LOC102941939	3
LOC102941946	904
LOC102941954	3846
LOC102941960	160
LOC102941961	0
LOC102941963	319
LOC102941965	0
LOC102941968	1
LOC102941974	557
LOC102941982	2048
LOC102941983	0
LOC102941991	121
LOC102941992	106
LOC102942016	357
LOC102942017	804
LOC102942019	0
LOC102942021	66
LOC102942038	1694
LOC102942039	239
LOC102942053	104
LOC102942054	91
LOC102942056	207
LOC102942059	0
LOC102942060	31
LOC102942063	515
LOC102942075	0
LOC102942079	0
LOC102942090	6599
LOC102942100	2
LOC102942108	0
LOC102942114	40
LOC102942115	0
LOC102942116	4960
LOC102942120	19
LOC102942122	3
LOC102942123	7786
LOC102942127	0
LOC102942134	0
LOC102942136	755
LOC102942139	0
LOC102942151	0
LOC102942170	93
LOC102942171	1586
LOC102942174	1
LOC102942182	288
LOC102942185	3
LOC102942188	1
LOC102942191	49
LOC102942192	0
LOC102942203	0
LOC102942208	112
LOC102942209	16
LOC102942214	96
LOC102942225	99
LOC102942228	2505
LOC102942234	2
LOC102942235	323
LOC102942255	1747
LOC102942268	22
LOC102942278	26
LOC102942280	5
LOC102942285	1807
LOC102942288	1
LOC102942325	756
LOC102942326	0
LOC102942329	509
LOC102942332	58
LOC102942333	3
LOC102942335	12
LOC102942337	0
LOC102942340	2680
LOC102942341	1613
LOC102942342	1652
LOC102942343	26133
LOC102942344	34
LOC102942346	30
LOC102942351	0
LOC102942355	196
LOC102942359	598
LOC102942364	0
LOC102942365	0
LOC102942381	10
LOC102942396	609
LOC102942398	2364
LOC102942400	0
LOC102942405	195
LOC102942421	0
LOC102942422	0
LOC102942426	36
LOC102942432	4
LOC102942441	661
LOC102942446	4035
LOC102942451	0
LOC102942454	3
LOC102942467	4630
LOC102942473	0
LOC102942476	479
LOC102942478	387
LOC102942491	0
LOC102942494	0
LOC102942503	123
LOC102942504	30
LOC102942532	59
LOC102942534	1694
LOC102942540	82
LOC102942543	0
LOC102942547	121
LOC102942553	326
LOC102942559	0
LOC102942561	49
LOC102942563	5
LOC102942567	1904
LOC102942577	1619
LOC102942580	0
LOC102942600	404
LOC102942616	169
LOC102942620	91
LOC102942641	0
LOC102942644	0
LOC102942646	615
LOC102942655	1467
LOC102942663	330
LOC102942667	240
LOC102942671	0
LOC102942672	5
LOC102942673	0
LOC102942679	273
LOC102942686	3791
LOC102942687	0
LOC102942698	72
LOC102942702	5505
LOC102942704	1
LOC102942716	0
LOC102942717	943
LOC102942718	56
LOC102942725	1030
LOC102942727	178
LOC102942730	1034
LOC102942746	1
LOC102942748	0
LOC102942756	0
LOC102942767	705
LOC102942771	0
LOC102942773	2617
LOC102942783	0
LOC102942784	335
LOC102942792	105
LOC102942794	0
LOC102942795	0
LOC102942801	0
LOC102942802	28
LOC102942807	1
LOC102942813	348
LOC102942815	0
LOC102942824	10
LOC102942825	230
LOC102942826	1732
LOC102942841	1
LOC102942857	2571
LOC102942858	7
LOC102942863	0
LOC102942864	0
LOC102942868	412
LOC102942869	0
LOC102942871	124
LOC102942875	0
LOC102942881	8
LOC102942883	167
LOC102942908	0
LOC102942912	7912
LOC102942916	2413
LOC102942934	8500
LOC102942935	0
LOC102942939	2
LOC102942943	0
LOC102942958	0
LOC102942970	183
LOC102942999	50
LOC102943007	115
LOC102943008	2
LOC102943009	250
LOC102943013	4
LOC102943015	0
LOC102943016	0
LOC102943017	1426
LOC102943021	1
LOC102943028	0
LOC102943043	1228
LOC102943044	855
LOC102943045	10693
LOC102943048	584
LOC102943051	12563
LOC102943053	0
LOC102943066	1352
LOC102943083	1
LOC102943084	0
LOC102943089	141
LOC102943101	1994
LOC102943115	1124
LOC102943120	0
LOC102943123	1499
LOC102943124	230
LOC102943141	51
LOC102943152	13
LOC102943158	0
LOC102943164	773
LOC102943168	4192
LOC102943174	0
LOC102943176	17
LOC102943183	0
LOC102943195	0
LOC102943197	1760
LOC102943199	49
LOC102943203	10
LOC102943208	0
LOC102943211	4
LOC102943220	0
LOC102943230	14
LOC102943233	7
LOC102943236	1468
LOC102943241	0
LOC102943243	299
LOC102943247	784
LOC102943251	1160
LOC102943252	1
LOC102943254	26
LOC102943258	23
LOC102943266	1092
LOC102943270	307
LOC102943283	0
LOC102943289	130
LOC102943302	244
LOC102943304	0
LOC102943310	0
LOC102943313	0
LOC102943316	10330
LOC102943318	0
LOC102943321	3
LOC102943322	4
LOC102943327	64
LOC102943332	659
LOC102943338	0
LOC102943358	0
LOC102943359	11
LOC102943363	0
LOC102943365	24
LOC102943367	1103
LOC102943373	0
LOC102943376	202
LOC102943383	0
LOC102943384	27
LOC102943399	928
LOC102943405	2854
LOC102943407	0
LOC102943419	0
LOC102943425	1
LOC102943428	2
LOC102943430	0
LOC102943442	1492
LOC102943445	16
LOC102943451	0
LOC102943455	94
LOC102943456	0
LOC102943457	15
LOC102943459	100
LOC102943462	0
LOC102943463	0
LOC102943470	0
LOC102943476	580
LOC102943477	0
LOC102943479	0
LOC102943481	143
LOC102943483	0
LOC102943500	46
LOC102943502	738
LOC102943517	21299
LOC102943522	5
LOC102943530	9
LOC102943559	11
LOC102943562	719
LOC102943563	51
LOC102943580	87
LOC102943585	5476
LOC102943586	288
LOC102943598	0
LOC102943604	0
LOC102943606	0
LOC102943618	0
LOC102943619	11401
LOC102943626	31
LOC102943629	8
LOC102943639	0
LOC102943642	0
LOC102943652	0
LOC102943668	0
LOC102943671	0
LOC102943675	0
LOC102943686	1
LOC102943689	1000
LOC102943691	0
LOC102943698	0
LOC102943699	0
LOC102943719	26
LOC102943727	648
LOC102943734	0
LOC102943738	4
LOC102943741	17
LOC102943749	0
LOC102943751	1375
LOC102943755	0
LOC102943756	142
LOC102943760	268
LOC102943777	397
LOC102943784	1
LOC102943794	3927
LOC102943805	0
LOC102943808	146
LOC102943812	0
LOC102943815	0
LOC102943816	0
LOC102943817	0
LOC102943820	153
LOC102943824	0
LOC102943825	18
LOC102943826	0
LOC102943831	2120
LOC102943833	2
LOC102943835	2002
LOC102943840	0
LOC102943842	67
LOC102943847	11
LOC102943860	1
LOC102943863	0
LOC102943870	0
LOC102943884	3480
LOC102943891	0
LOC102943892	0
LOC102943894	52
LOC102943898	0
LOC102943899	4
LOC102943903	1
LOC102943912	70
LOC102943915	0
LOC102943916	0
LOC102943926	5830
LOC102943928	1
LOC102943936	26
LOC102943949	47
LOC102943961	5
LOC102943966	581
LOC102943967	0
LOC102943971	3
LOC102943976	0
LOC102943985	23
LOC102943989	0
LOC102943996	0
LOC102944006	132
LOC102944020	1
LOC102944026	1
LOC102944030	0
LOC102944031	0
LOC102944042	0
LOC102944065	7665
LOC102944079	366
LOC102944080	0
LOC102944092	542
LOC102944096	0
LOC102944102	1
LOC102944111	0
LOC102944112	0
LOC102944114	633
LOC102944118	1
LOC102944131	0
LOC102944135	7406
LOC102944149	236
LOC102944150	1203
LOC102944152	53
LOC102944155	104
LOC102944173	4
LOC102944176	1
LOC102944188	0
LOC102944231	1
LOC102944251	0
LOC102944255	9374
LOC102944260	0
LOC102944265	0
LOC102944268	0
LOC102944271	3
LOC102944277	1098
LOC102944278	1181
LOC102944282	0
LOC102944284	289
LOC102944299	0
LOC102944312	3
LOC102944327	0
LOC102944330	4110
LOC102944333	57
LOC102944337	0
LOC102944340	130
LOC102944343	68
LOC102944346	0
LOC102944349	1319
LOC102944353	29
LOC102944355	0
LOC102944361	994
LOC102944368	0
LOC102944371	610
LOC102944375	4
LOC102944378	124
LOC102944393	94
LOC102944400	0
LOC102944405	1
LOC102944407	0
LOC102944408	56
LOC102944410	2901
LOC102944412	0
LOC102944414	283
LOC102944421	234
LOC102944426	0
LOC102944427	1
LOC102944430	179
LOC102944434	3
LOC102944435	1126
LOC102944450	59
LOC102944459	0
LOC102944460	0
LOC102944463	260
LOC102944473	0
LOC102944481	21
LOC102944482	0
LOC102944483	2
LOC102944484	1009
LOC102944485	0
LOC102944489	0
LOC102944490	0
LOC102944495	0
LOC102944496	30
LOC102944498	31
LOC102944499	767
LOC102944512	7113
LOC102944513	4
LOC102944520	476
LOC102944521	0
LOC102944523	1874
LOC102944537	668
LOC102944543	0
LOC102944559	0
LOC102944560	0
LOC102944572	0
LOC102944573	0
LOC102944576	0
LOC102944577	0
LOC102944584	0
LOC102944591	13
LOC102944601	2
LOC102944603	768
LOC102944609	3
LOC102944628	167
LOC102944634	2360
LOC102944636	309
LOC102944644	896
LOC102944647	1926
LOC102944649	6
LOC102944651	2
LOC102944661	1165
LOC102944673	68
LOC102944675	153
LOC102944685	244
LOC102944696	0
LOC102944707	0
LOC102944715	0
LOC102944717	6
LOC102944720	0
LOC102944722	594
LOC102944726	28
LOC102944742	4
LOC102944748	13
LOC102944752	0
LOC102944759	0
LOC102944760	668
LOC102944761	4
LOC102944767	1
LOC102944769	41
LOC102944779	728
LOC102944784	0
LOC102944785	0
LOC102944787	204
LOC102944791	6
LOC102944797	0
LOC102944798	21
LOC102944801	0
LOC102944802	0
LOC102944809	194
LOC102944825	82
LOC102944830	1706
LOC102944844	105
LOC102944851	3362
LOC102944852	1292
LOC102944862	31
LOC102944865	2
LOC102944866	0
LOC102944868	515
LOC102944869	15301
LOC102944872	0
LOC102944876	0
LOC102944882	1236
LOC102944887	4
LOC102944908	0
LOC102944912	0
LOC102944915	1
LOC102944926	0
LOC102944929	132
LOC102944930	2308
LOC102944933	0
LOC102944938	0
LOC102944939	0
LOC102944941	14
LOC102944943	1685
LOC102944944	6320
LOC102944948	425
LOC102944966	822
LOC102944972	0
LOC102944976	556
LOC102944978	14
LOC102944992	0
LOC102944993	40
LOC102944998	10
LOC102945006	0
LOC102945010	0
LOC102945011	0
LOC102945012	0
LOC102945013	0
LOC102945014	2
LOC102945017	0
LOC102945018	2
LOC102945022	0
LOC102945025	1
LOC102945027	779
LOC102945028	4
LOC102945034	1565
LOC102945037	1
LOC102945042	0
LOC102945052	0
LOC102945054	0
LOC102945057	16
LOC102945058	5
LOC102945062	0
LOC102945076	180
LOC102945078	1188
LOC102945080	3079
LOC102945093	226
LOC102945101	0
LOC102945108	0
LOC102945113	4
LOC102945115	1436
LOC102945131	5
LOC102945132	0
LOC102945134	104
LOC102945139	36
LOC102945149	27
LOC102945150	0
LOC102945151	2
LOC102945153	2
LOC102945154	0
LOC102945158	0
LOC102945167	25
LOC102945174	126
LOC102945178	0
LOC102945190	0
LOC102945196	0
LOC102945200	4
LOC102945219	69
LOC102945222	0
LOC102945232	0
LOC102945236	0
LOC102945240	6
LOC102945241	0
LOC102945243	1403
LOC102945247	42
LOC102945254	1247
LOC102945256	1271
LOC102945258	96
LOC102945274	0
LOC102945281	51264
LOC102945288	2
LOC102945298	2246
LOC102945301	29
LOC102945325	709
LOC102945327	210
LOC102945330	0
LOC102945341	1
LOC102945349	1
LOC102945354	0
LOC102945363	13
LOC102945366	0
LOC102945368	111
LOC102945373	283
LOC102945378	0
LOC102945380	134
LOC102945382	10
LOC102945390	2
LOC102945392	40
LOC102945393	0
LOC102945398	0
LOC102945416	0
LOC102945419	0
LOC102945424	26
LOC102945425	2
LOC102945437	1403
LOC102945440	2
LOC102945448	0
LOC102945449	0
LOC102945456	1
LOC102945458	351
LOC102945459	1438
LOC102945460	0
LOC102945461	1414
LOC102945463	10
LOC102945465	0
LOC102945466	1
LOC102945470	0
LOC102945475	446
LOC102945483	4338
LOC102945491	1
LOC102945492	144
LOC102945498	1330
LOC102945508	525
LOC102945518	1
LOC102945523	18
LOC102945537	752
LOC102945540	13
LOC102945543	3
LOC102945548	29
LOC102945556	0
LOC102945560	114
LOC102945566	169
LOC102945576	385
LOC102945580	16
LOC102945589	35442
LOC102945591	1007
LOC102945594	0
LOC102945601	1734
LOC102945603	0
LOC102945606	0
LOC102945610	41
LOC102945618	142
LOC102945621	1170
LOC102945628	76
LOC102945634	117
LOC102945640	92
LOC102945642	0
LOC102945643	40
LOC102945644	3
LOC102945654	32
LOC102945655	0
LOC102945672	0
LOC102945673	0
LOC102945678	0
LOC102945679	0
LOC102945681	33
LOC102945687	0
LOC102945689	0
LOC102945691	161
LOC102945694	0
LOC102945695	9
LOC102945700	2546
LOC102945703	4
LOC102945706	0
LOC102945715	1091
LOC102945718	4
LOC102945724	14
LOC102945730	7
LOC102945746	8671
LOC102945750	334
LOC102945757	121
LOC102945767	6
LOC102945770	4944
LOC102945773	0
LOC102945778	425
LOC102945789	188
LOC102945800	276
LOC102945807	2
LOC102945808	1024
LOC102945814	946
LOC102945818	36
LOC102945823	0
LOC102945825	83
LOC102945826	0
LOC102945833	0
LOC102945834	1
LOC102945835	1
LOC102945845	1951
LOC102945850	1943
LOC102945851	329
LOC102945864	5016
LOC102945871	667
LOC102945884	2
LOC102945886	4
LOC102945887	265
LOC102945897	51
LOC102945898	0
LOC102945900	3
LOC102945909	0
LOC102945916	0
LOC102945918	0
LOC102945919	0
LOC102945926	737
LOC102945929	18
LOC102945930	0
LOC102945933	203
LOC102945939	5
LOC102945948	0
LOC102945953	0
LOC102945954	0
LOC102945962	0
LOC102945966	7
LOC102945967	2
LOC102945974	3
LOC102945977	3
LOC102945985	19
LOC102945987	2
LOC102945989	0
LOC102945995	0
LOC102946013	174
LOC102946021	0
LOC102946032	0
LOC102946037	242
LOC102946049	68
LOC102946053	0
LOC102946055	0
LOC102946061	440
LOC102946062	16
LOC102946063	16
LOC102946069	17
LOC102946071	0
LOC102946072	0
LOC102946089	1
LOC102946091	0
LOC102946101	694
LOC102946105	16
LOC102946106	1235
LOC102946107	2
LOC102946111	7
LOC102946118	0
LOC102946119	59
LOC102946133	2465
LOC102946134	0
LOC102946136	0
LOC102946137	0
LOC102946144	826
LOC102946146	0
LOC102946148	5
LOC102946149	711
LOC102946150	425
LOC102946154	607
LOC102946156	182
LOC102946163	1
LOC102946165	148
LOC102946167	0
LOC102946178	4
LOC102946181	55
LOC102946188	0
LOC102946198	23
LOC102946201	2128
LOC102946203	216
LOC102946206	52
LOC102946214	2199
LOC102946219	1
LOC102946223	539
LOC102946237	17
LOC102946239	425
LOC102946254	0
LOC102946256	105
LOC102946260	1808
LOC102946266	0
LOC102946271	114
LOC102946273	335
LOC102946276	0
LOC102946280	0
LOC102946281	44
LOC102946282	0
LOC102946283	179
LOC102946288	590
LOC102946289	0
LOC102946292	9
LOC102946299	0
LOC102946303	0
LOC102946304	6758
LOC102946308	0
LOC102946316	195
LOC102946319	675
LOC102946326	57
LOC102946327	2823
LOC102946329	0
LOC102946331	4
LOC102946337	15
LOC102946339	2
LOC102946353	0
LOC102946364	0
LOC102946365	0
LOC102946376	753
LOC102946389	6
LOC102946401	157
LOC102946416	18
LOC102946426	54
LOC102946429	2
LOC102946432	1
LOC102946433	0
LOC102946434	3269
LOC102946436	18
LOC102946445	0
LOC102946450	2
LOC102946462	6
LOC102946478	4
LOC102946483	1831
LOC102946489	975
LOC102946491	0
LOC102946495	3532
LOC102946496	1
LOC102946497	29
LOC102946502	0
LOC102946506	0
LOC102946513	158
LOC102946515	6
LOC102946517	0
LOC102946518	0
LOC102946521	48
LOC102946524	1029
LOC102946525	0
LOC102946526	0
LOC102946532	2349
LOC102946534	28
LOC102946535	0
LOC102946545	0
LOC102946554	0
LOC102946578	734
LOC102946581	810
LOC102946585	2343
LOC102946588	0
LOC102946590	237
LOC102946592	0
LOC102946593	583
LOC102946597	547
LOC102946602	318
LOC102946605	1975
LOC102946609	0
LOC102946613	0
LOC102946615	1
LOC102946634	7
LOC102946640	14
LOC102946649	0
LOC102946651	0
LOC102946652	408
LOC102946653	0
LOC102946655	1
LOC102946656	24
LOC102946657	3
LOC102946658	0
LOC102946668	3
LOC102946673	48
LOC102946677	54
LOC102946692	1778
LOC102946693	182
LOC102946713	8
LOC102946715	3
LOC102946716	0
LOC102946719	1415
LOC102946728	1502618
LOC102946733	0
LOC102946737	0
LOC102946738	5480
LOC102946739	0
LOC102946740	1
LOC102946742	0
LOC102946744	1013
LOC102946747	0
LOC102946756	4
LOC102946766	0
LOC102946787	997
LOC102946798	80
LOC102946801	1
LOC102946804	0
LOC102946814	0
LOC102946817	18
LOC102946818	1
LOC102946819	41
LOC102946825	303
LOC102946828	1475
LOC102946831	0
LOC102946834	867
LOC102946835	0
LOC102946876	46
LOC102946883	61
LOC102946884	0
LOC102946887	0
LOC102946890	322
LOC102946897	39
LOC102946900	0
LOC102946901	1
LOC102946904	2400
LOC102946915	5
LOC102946916	0
LOC102946920	58
LOC102946923	1
LOC102946939	1
LOC102946940	44
LOC102946943	768
LOC102946952	6
LOC102946959	1898
LOC102946960	0
LOC102946962	0
LOC102946964	0
LOC102946969	0
LOC102946970	306
LOC102946976	0
LOC102946980	0
LOC102946981	22
LOC102946984	228
LOC102946993	860
LOC102946998	1134
LOC102947000	1381
LOC102947008	19
LOC102947011	0
LOC102947012	51
LOC102947015	0
LOC102947043	0
LOC102947047	0
LOC102947048	0
LOC102947053	403
LOC102947061	338
LOC102947070	3
LOC102947075	29
LOC102947076	12372
LOC102947083	681
LOC102947084	0
LOC102947088	0
LOC102947095	6
LOC102947106	11
LOC102947114	0
LOC102947117	0
LOC102947119	0
LOC102947120	20850
LOC102947130	2
LOC102947135	0
LOC102947137	0
LOC102947141	366
LOC102947154	0
LOC102947166	151
LOC102947167	0
LOC102947176	675
LOC102947182	89
LOC102947185	1582
LOC102947186	1233
LOC102947187	0
LOC102947191	0
LOC102947196	9
LOC102947197	0
LOC102947210	4
LOC102947212	0
LOC102947217	0
LOC102947236	283
LOC102947242	0
LOC102947244	0
LOC102947256	0
LOC102947267	0
LOC102947268	0
LOC102947272	7
LOC102947273	198
LOC102947274	11
LOC102947282	1
LOC102947288	258
LOC102947292	200
LOC102947293	5495
LOC102947296	5997
LOC102947297	1
LOC102947298	41
LOC102947301	28
LOC102947310	1017
LOC102947314	11
LOC102947325	77
LOC102947327	51
LOC102947330	0
LOC102947337	0
LOC102947339	0
LOC102947342	50
LOC102947343	22
LOC102947365	9300
LOC102947366	4
LOC102947374	164
LOC102947375	0
LOC102947395	1543
LOC102947401	759
LOC102947403	4707
LOC102947404	0
LOC102947407	0
LOC102947410	12605
LOC102947411	0
LOC102947416	366
LOC102947417	0
LOC102947427	3350
LOC102947430	5
LOC102947436	0
LOC102947440	2
LOC102947459	283
LOC102947461	0
LOC102947464	1570
LOC102947465	0
LOC102947471	1
LOC102947473	3
LOC102947479	23
LOC102947484	915
LOC102947485	0
LOC102947489	0
LOC102947502	2594
LOC102947510	0
LOC102947514	2243
LOC102947516	19
LOC102947518	0
LOC102947521	737
LOC102947553	87
LOC102947558	0
LOC102947559	200
LOC102947572	15
LOC102947575	1401
LOC102947577	9025
LOC102947585	327
LOC102947588	1417
LOC102947589	2385
LOC102947596	15
LOC102947599	410
LOC102947604	0
LOC102947610	3
LOC102947615	988
LOC102947621	0
LOC102947623	0
LOC102947627	239
LOC102947629	0
LOC102947635	1071
LOC102947648	2465
LOC102947650	0
LOC102947659	199
LOC102947665	206
LOC102947668	1715
LOC102947669	0
LOC102947679	9133
LOC102947684	0
LOC102947691	57
LOC102947697	164
LOC102947699	65
LOC102947701	6645
LOC102947704	568
LOC102947706	1024
LOC102947707	0
LOC102947708	165
LOC102947713	0
LOC102947721	0
LOC102947722	6
LOC102947723	344
LOC102947726	6
LOC102947735	0
LOC102947737	442
LOC102947738	897
LOC102947740	0
LOC102947745	0
LOC102947753	0
LOC102947761	5
LOC102947763	333
LOC102947766	15
LOC102947769	0
LOC102947773	0
LOC102947780	83
LOC102947784	1
LOC102947787	4
LOC102947789	6
LOC102947790	1
LOC102947791	137
LOC102947793	0
LOC102947794	6
LOC102947796	102
LOC102947797	439
LOC102947810	13409
LOC102947814	364
LOC102947825	0
LOC102947830	32
LOC102947831	128
LOC102947838	4
LOC102947848	0
LOC102947853	38
LOC102947854	0
LOC102947858	0
LOC102947860	1781
LOC102947862	0
LOC102947865	3
LOC102947869	0
LOC102947871	6
LOC102947874	372
LOC102947883	1177
LOC102947884	0
LOC102947886	1
LOC102947903	3252
LOC102947909	0
LOC102947919	275
LOC102947920	0
LOC102947924	697
LOC102947926	3167
LOC102947934	0
LOC102947935	0
LOC102947937	0
LOC102947945	0
LOC102947946	1
LOC102947949	16
LOC102947950	0
LOC102947951	3
LOC102947954	19
LOC102947970	538
LOC102947981	3
LOC102947995	582
LOC102947999	0
LOC102948004	0
LOC102948014	0
LOC102948016	110
LOC102948017	410
LOC102948021	309
LOC102948026	7957
LOC102948029	0
LOC102948031	226
LOC102948041	17
LOC102948042	7598
LOC102948049	0
LOC102948065	0
LOC102948067	0
LOC102948079	396
LOC102948081	0
LOC102948082	0
LOC102948091	0
LOC102948095	0
LOC102948100	0
LOC102948102	10
LOC102948104	34
LOC102948108	1598
LOC102948124	0
LOC102948125	19
LOC102948129	0
LOC102948134	2753
LOC102948136	106
LOC102948142	262
LOC102948146	29
LOC102948152	5
LOC102948154	0
LOC102948162	253
LOC102948164	0
LOC102948165	29
LOC102948172	87
LOC102948173	20
LOC102948174	0
LOC102948175	1051
LOC102948177	21
LOC102948178	0
LOC102948183	51
LOC102948186	0
LOC102948195	0
LOC102948206	12
LOC102948209	70
LOC102948216	1
LOC102948218	0
LOC102948226	0
LOC102948230	0
LOC102948232	0
LOC102948236	428
LOC102948240	0
LOC102948241	0
LOC102948247	0
LOC102948253	101
LOC102948255	0
LOC102948258	0
LOC102948285	196
LOC102948289	1
LOC102948295	1940
LOC102948296	1870
LOC102948298	4028
LOC102948300	3742
LOC102948302	0
LOC102948306	848
LOC102948307	0
LOC102948310	530
LOC102948317	0
LOC102948318	269
LOC102948321	1
LOC102948326	2125
LOC102948335	2353
LOC102948336	0
LOC102948341	1733
LOC102948349	638
LOC102948350	730
LOC102948364	0
LOC102948367	19
LOC102948372	1
LOC102948381	14
LOC102948393	0
LOC102948394	142
LOC102948398	36
LOC114018190	1495
LOC114018191	19
LOC114018199	388
LOC114018202	24
LOC114018204	87
LOC114018206	139
LOC114018209	22
LOC114018211	33
LOC114018212	886
LOC114018213	319
LOC114018215	398
LOC114018216	0
LOC114018217	11
LOC114018218	712
LOC114018220	115
LOC114018223	2
LOC114018224	1214
LOC114018225	245
LOC114018226	41
LOC114018232	2
LOC114018239	1
LOC114018243	1
LOC114018244	82
LOC114018246	135
LOC114018250	286
LOC114018255	73
LOC114018256	14
LOC114018257	166
LOC114018260	0
LOC114018261	0
LOC114018262	0
LOC114018263	8
LOC114018264	0
LOC114018265	29
LOC114018266	0
LOC114018267	0
LOC114018272	12
LOC114018274	0
LOC114018275	0
LOC114018276	0
LOC114018277	2
LOC114018278	7
LOC114018279	8
LOC114018280	1
LOC114018281	0
LOC114018282	0
LOC114018286	0
LOC114018289	10
LOC114018290	56
LOC114018293	37
LOC114018296	0
LOC114018297	0
LOC114018298	1
LOC114018299	4
LOC114018301	12
LOC114018302	0
LOC114018303	4
LOC114018304	114
LOC114018305	197
LOC114018310	1657
LOC114018313	6
LOC114018314	34
LOC114018323	0
LOC114018336	0
LOC114018339	46
LOC114018340	178
LOC114018342	8
LOC114018345	0
LOC114018346	0
LOC114018349	0
LOC114018351	14
LOC114018352	2389
LOC114018353	81
LOC114018354	28
LOC114018357	203
LOC114018359	78
LOC114018362	0
LOC114018365	0
LOC114018366	1
LOC114018369	55
LOC114018370	0
LOC114018371	0
LOC114018372	129
LOC114018373	121
LOC114018375	0
LOC114018376	165
LOC114018379	0
LOC114018380	1
LOC114018381	1
LOC114018384	0
LOC114018391	0
LOC114018393	0
LOC114018394	0
LOC114018396	210
LOC114018401	0
LOC114018411	44
LOC114018415	0
LOC114018416	2
LOC114018417	0
LOC114018418	0
LOC114018419	0
LOC114018420	0
LOC114018421	1
LOC114018422	0
LOC114018423	0
LOC114018425	0
LOC114018437	3
LOC114018439	24
LOC114018443	2
LOC114018446	4
LOC114018448	19
LOC114018449	5
LOC114018450	1
LOC114018454	2
LOC114018468	4268
LOC114018474	28
LOC114018475	761
LOC114018476	3
LOC114018479	2
LOC114018486	0
LOC114018487	22
LOC114018488	193
LOC114018489	0
LOC114018490	3452
LOC114018491	151
LOC114018492	10547
LOC114018499	5
LOC114018506	7
LOC114018507	0
LOC114018508	0
LOC114018509	0
LOC114018511	0
LOC114018512	0
LOC114018513	0
LOC114018515	10468
LOC114018516	57
LOC114018517	1
LOC114018520	722
LOC114018522	24
LOC114018526	30
LOC114018529	1
LOC114018530	0
LOC114018533	15
LOC114018534	0
LOC114018535	0
LOC114018537	0
LOC114018540	107
LOC114018541	23
LOC114018545	0
LOC114018546	1
LOC114018549	0
LOC114018554	4
LOC114018559	0
LOC114018565	0
LOC114018568	0
LOC114018569	9
LOC114018570	17
LOC114018572	294
LOC114018573	70
LOC114018577	357
LOC114018578	222
LOC114018579	111
LOC114018580	0
LOC114018581	4
LOC114018582	9
LOC114018587	0
LOC114018589	0
LOC114018591	22
LOC114018592	31
LOC114018593	14
LOC114018594	15
LOC114018595	1
LOC114018596	37
LOC114018597	72
LOC114018599	5
LOC114018602	110
LOC114018603	0
LOC114018605	4
LOC114018609	843
LOC114018616	1
LOC114018620	1
LOC114018625	0
LOC114018628	4987
LOC114018637	0
LOC114018641	0
LOC114018643	644
LOC114018644	1
LOC114018646	384
LOC114018649	2
LOC114018657	37
LOC114018659	2
LOC114018660	7
LOC114018661	11
LOC114018663	4
LOC114018668	0
LOC114018669	0
LOC114018671	41
LOC114018675	0
LOC114018676	26
LOC114018677	0
LOC114018680	104
LOC114018683	0
LOC114018684	40
LOC114018686	0
LOC114018692	63
LOC114018695	0
LOC114018701	3
LOC114018705	0
LOC114018707	0
LOC114018710	3
LOC114018711	11
LOC114018712	328
LOC114018723	11
LOC114018724	140
LOC114018725	0
LOC114018726	2
LOC114018729	6
LOC114018730	2
LOC114018732	154
LOC114018733	152
LOC114018734	70
LOC114018735	27
LOC114018736	0
LOC114018737	0
LOC114018738	0
LOC114018741	1
LOC114018743	70
LOC114018744	3
LOC114018745	0
LOC114018746	6
LOC114018747	9
LOC114018749	1936
LOC114018750	13
LOC114018751	13
LOC114018752	210
LOC114018759	339
LOC114018761	5
LOC114018764	85
LOC114018765	86
LOC114018768	140
LOC114018770	103
LOC114018772	2
LOC114018773	2749
LOC114018776	15
LOC114018779	259
LOC114018780	0
LOC114018782	123
LOC114018784	39
LOC114018785	6
LOC114018787	3
LOC114018789	0
LOC114018799	0
LOC114018804	43
LOC114018808	3
LOC114018816	16
LOC114018817	0
LOC114018835	0
LOC114018836	4
LOC114018837	43
LOC114018838	8
LOC114018839	15
LOC114018840	0
LOC114018841	2
LOC114018842	1
LOC114018843	4
LOC114018848	0
LOC114018849	14
LOC114018854	1
LOC114018856	3
LOC114018863	53
LOC114018866	8
LOC114018868	2
LOC114018869	4
LOC114018870	0
LOC114018871	0
LOC114018873	0
LOC114018876	1181
LOC114018877	0
LOC114018882	0
LOC114018883	4538
LOC114018885	0
LOC114018898	52
LOC114018900	0
LOC114018901	1345
LOC114018902	9
LOC114018903	41
LOC114018912	9
LOC114018915	10
LOC114018917	2845
LOC114018921	0
LOC114018927	1086
LOC114018928	9
LOC114018929	0
LOC114018931	0
LOC114018933	1642
LOC114018935	1
LOC114018938	44
LOC114018940	2
LOC114018942	1243
LOC114018943	1395
LOC114018944	0
LOC114018946	73
LOC114018950	35
LOC114018951	46
LOC114018952	6
LOC114018955	40
LOC114018956	4
LOC114018957	8
LOC114018959	542
LOC114018960	0
LOC114018961	0
LOC114018966	26
LOC114018973	1
LOC114018975	52
LOC114018980	1393
LOC114018991	0
LOC114018993	10
LOC114018994	7
LOC114018995	12
LOC114018996	0
LOC114018997	0
LOC114018998	0
LOC114019001	0
LOC114019002	1667
LOC114019003	191
LOC114019005	1
LOC114019008	0
LOC114019009	235
LOC114019011	5
LOC114019012	0
LOC114019013	12
LOC114019014	0
LOC114019018	28
LOC114019026	3
LOC114019028	2
LOC114019029	3
LOC114019030	513
LOC114019031	128
LOC114019033	0
LOC114019036	0
LOC114019038	0
LOC114019042	0
LOC114019046	0
LOC114019047	0
LOC114019055	0
LOC114019056	26
LOC114019057	336
LOC114019058	154
LOC114019061	597
LOC114019062	0
LOC114019078	17
LOC114019079	59
LOC114019083	640
LOC114019084	0
LOC114019088	0
LOC114019089	205
LOC114019090	5
LOC114019092	39
LOC114019095	15
LOC114019096	3
LOC114019097	1
LOC114019098	16
LOC114019105	21
LOC114019106	11
LOC114019107	49
LOC114019115	28
LOC114019121	270
LOC114019129	9427
LOC114019130	107
LOC114019134	0
LOC114019136	412
LOC114019142	0
LOC114019144	138
LOC114019150	2
LOC114019152	3
LOC114019153	1
LOC114019154	46
LOC114019155	0
LOC114019157	0
LOC114019161	48
LOC114019164	1
LOC114019165	5
LOC114019172	126
LOC114019173	0
LOC114019174	421
LOC114019177	34
LOC114019178	28
LOC114019180	0
LOC114019183	0
LOC114019188	11
LOC114019191	150
LOC114019194	2343
LOC114019197	0
LOC114019198	0
LOC114019204	2
LOC114019205	1733
LOC114019209	252
LOC114019213	185
LOC114019215	33
LOC114019216	2
LOC114019217	10
LOC114019218	0
LOC114019219	1
LOC114019222	0
LOC114019223	316
LOC114019224	68
LOC114019227	5
LOC114019228	9
LOC114019230	35
LOC114019231	462
LOC114019233	6
LOC114019234	7
LOC114019235	2
LOC114019236	0
LOC114019237	7
LOC114019241	0
LOC114019243	19
LOC114019244	0
LOC114019250	222
LOC114019253	28
LOC114019255	0
LOC114019256	0
LOC114019257	0
LOC114019263	15
LOC114019264	11
LOC114019266	0
LOC114019268	2
LOC114019271	0
LOC114019272	0
LOC114019274	0
LOC114019281	0
LOC114019288	0
LOC114019290	0
LOC114019291	0
LOC114019298	2
LOC114019300	6
LOC114019302	238
LOC114019304	632
LOC114019306	0
LOC114019307	13
LOC114019308	18
LOC114019311	0
LOC114019317	27
LOC114019319	0
LOC114019320	89
LOC114019321	849
LOC114019323	372
LOC114019324	6
LOC114019326	7
LOC114019327	0
LOC114019330	0
LOC114019332	0
LOC114019333	596
LOC114019335	2
LOC114019336	2009
LOC114019338	426
LOC114019339	0
LOC114019343	656
LOC114019345	0
LOC114019347	11
LOC114019349	2
LOC114019351	307
LOC114019355	96
LOC114019356	210
LOC114019357	315
LOC114019360	242
LOC114019365	33
LOC114019367	2
LOC114019371	0
LOC114019373	1
LOC114019376	14
LOC114019377	1
LOC114019378	9
LOC114019379	396
LOC114019380	365
LOC114019383	0
LOC114019384	156
LOC114019385	630
LOC114019387	0
LOC114019388	0
LOC114019389	3
LOC114019390	0
LOC114019392	10
LOC114019394	1
LOC114019395	3
LOC114019405	0
LOC114019406	0
LOC114019417	55
LOC114019420	66
LOC114019421	144
LOC114019422	21
LOC114019424	0
LOC114019425	0
LOC114019427	8
LOC114019435	0
LOC114019437	6
LOC114019438	3
LOC114019439	3
LOC114019440	0
LOC114019441	8
LOC114019442	2
LOC114019446	0
LOC114019447	25
LOC114019448	192
LOC114019450	939
LOC114019452	27
LOC114019453	90
LOC114019455	0
LOC114019456	0
LOC114019457	0
LOC114019458	35
LOC114019460	434
LOC114019467	2
LOC114019468	33
LOC114019470	21
LOC114019473	92
LOC114019476	0
LOC114019478	173
LOC114019480	31
LOC114019481	3
LOC114019487	7
LOC114019489	34
LOC114019491	0
LOC114019494	0
LOC114019496	583
LOC114019500	0
LOC114019501	2
LOC114019502	0
LOC114019503	0
LOC114019506	35
LOC114019507	0
LOC114019513	0
LOC114019514	0
LOC114019521	0
LOC114019522	0
LOC114019524	1
LOC114019525	8
LOC114019526	42
LOC114019531	3
LOC114019533	5
LOC114019535	751
LOC114019537	12
LOC114019538	191
LOC114019542	63
LOC114019543	1152
LOC114019544	61
LOC114019547	55
LOC114019551	134
LOC114019552	0
LOC114019553	4301
LOC114019562	0
LOC114019565	0
LOC114019566	15
LOC114019569	110
LOC114019570	17
LOC114019572	35
LOC114019574	78
LOC114019576	109
LOC114019577	0
LOC114019587	3
LOC114019591	28
LOC114019592	0
LOC114019593	31
LOC114019598	2579
LOC114019600	61
LOC114019602	258
LOC114019605	0
LOC114019606	4
LOC114019607	272
LOC114019609	0
LOC114019610	14
LOC114019612	346
LOC114019613	4
LOC114019614	137
LOC114019615	9
LOC114019621	0
LOC114019626	0
LOC114019633	3
LOC114019634	391
LOC114019636	125
LOC114019638	0
LOC114019641	14
LOC114019654	0
LOC114019661	0
LOC114019664	37
LOC114019678	11
LOC114019685	2039
LOC114019686	62
LOC114019696	406
LOC114019699	0
LOC114019702	0
LOC114019703	1
LOC114019704	4
LOC114019705	0
LOC114019707	0
LOC114019711	36
LOC114019717	3
LOC114019719	3
LOC114019721	163
LOC114019724	0
LOC114019726	400
LOC114019728	3
LOC114019729	0
LOC114019730	186
LOC114019734	2
LOC114019736	254
LOC114019737	31
LOC114019738	0
LOC114019741	2
LOC114019742	0
LOC114019746	2
LOC114019747	3
LOC114019749	1
LOC114019752	29
LOC114019753	2
LOC114019754	0
LOC114019756	0
LOC114019757	0
LOC114019758	5
LOC114019760	1
LOC114019761	19
LOC114019763	0
LOC114019764	2
LOC114019765	0
LOC114019766	0
LOC114019767	3
LOC114019768	0
LOC114019772	2717
LOC114019774	0
LOC114019780	0
LOC114019789	12
LOC114019790	4
LOC114019791	4
LOC114019792	9
LOC114019793	4
LOC114019794	15
LOC114019795	18
LOC114019796	1
LOC114019797	1
LOC114019798	7
LOC114019799	0
LOC114019805	0
LOC114019811	0
LOC114019821	1
LOC114019822	1122
LOC114019826	18
LOC114019827	44
LOC114019828	0
LOC114019830	0
LOC114019834	0
LOC114019835	176
LOC114019838	542
LOC114019843	71
LOC114019844	3
LOC114019845	13
LOC114019849	0
LOC114019850	0
LOC114019851	0
LOC114019855	490
LOC114019870	0
LOC114019871	0
LOC114019875	0
LOC114019881	12
LOC114019883	367
LOC114019888	0
LOC114019889	0
LOC114019890	0
LOC114019893	87
LOC114019895	7
LOC114019896	0
LOC114019897	0
LOC114019898	1
LOC114019899	0
LOC114019900	0
LOC114019901	0
LOC114019904	0
LOC114019905	108
LOC114019907	0
LOC114019908	70
LOC114019919	473
LOC114019925	368
LOC114019926	31
LOC114019927	64
LOC114019930	16
LOC114019931	30
LOC114019932	0
LOC114019933	4
LOC114019934	10
LOC114019935	14
LOC114019936	2
LOC114019938	4
LOC114019940	0
LOC114019941	0
LOC114019943	1
LOC114019946	18
LOC114019948	0
LOC114019954	0
LOC114019956	4
LOC114019961	1
LOC114019962	35
LOC114019963	52
LOC114019967	7
LOC114019974	77
LOC114019975	5
LOC114019976	9
LOC114019977	0
LOC114019978	9
LOC114019979	0
LOC114019980	0
LOC114019983	0
LOC114019989	0
LOC114019990	0
LOC114019991	0
LOC114019992	0
LOC114019994	77
LOC114019998	361
LOC114019999	6
LOC114020001	0
LOC114020005	430
LOC114020008	157
LOC114020009	0
LOC114020010	0
LOC114020011	8
LOC114020012	6
LOC114020020	1
LOC114020025	15
LOC114020034	4
LOC114020041	29
LOC114020042	0
LOC114020043	0
LOC114020044	0
LOC114020045	0
LOC114020046	2
LOC114020047	3
LOC114020050	12
LOC114020051	8
LOC114020052	84
LOC114020055	45
LOC114020056	18
LOC114020059	14
LOC114020062	0
LOC114020063	0
LOC114020067	170
LOC114020073	62
LOC114020074	11
LOC114020076	1092
LOC114020077	892
LOC114020079	788
LOC114020081	1124
LOC114020082	16
LOC114020085	2
LOC114020086	4
LOC114020090	1
LOC114020093	0
LOC114020095	0
LOC114020098	228
LOC114020099	373
LOC114020102	216
LOC114020108	202
LOC114020109	1
LOC114020110	73
LOC114020111	190
LOC114020114	252
LOC114020115	0
LOC114020116	8
LOC114020118	0
LOC114020119	0
LOC114020123	87
LOC114020131	0
LOC114020132	0
LOC114020133	3
LOC114020134	261
LOC114020135	0
LOC114020136	5
LOC114020137	69
LOC114020138	418
LOC114020139	0
LOC114020140	0
LOC114020142	17
LOC114020144	58
LOC114020145	0
LOC114020146	5
LOC114020148	0
LOC114020152	0
LOC114020155	0
LOC114020156	2
LOC114020159	5339
LOC114020161	35
LOC114020163	726
LOC114020167	106
LOC114020168	0
LOC114020169	0
LOC114020170	6
LOC114020172	1
LOC114020174	1
LOC114020177	143
LOC114020178	212
LOC114020180	82
LOC114020184	0
LOC114020185	0
LOC114020193	0
LOC114020195	0
LOC114020197	0
LOC114020199	2
LOC114020201	0
LOC114020202	20
LOC114020204	0
LOC114020206	106
LOC114020208	1000
LOC114020211	100
LOC114020212	44
LOC114020220	5671
LOC114020221	161
LOC114020223	40
LOC114020224	0
LOC114020226	33
LOC114020227	0
LOC114020229	0
LOC114020230	1
LOC114020231	0
LOC114020233	19
LOC114020236	0
LOC114020238	0
LOC114020239	0
LOC114020243	17
LOC114020244	6
LOC114020245	0
LOC114020247	391
LOC114020251	0
LOC114020252	1
LOC114020253	0
LOC114020254	7
LOC114020255	0
LOC114020256	0
LOC114020260	12
LOC114020267	30
LOC114020268	0
LOC114020276	322
LOC114020278	0
LOC114020286	11
LOC114020287	1
LOC114020288	0
LOC114020289	1
LOC114020290	1
LOC114020292	0
LOC114020300	691
LOC114020301	6
LOC114020303	27
LOC114020306	0
LOC114020314	0
LOC114020316	0
LOC114020317	511
LOC114020327	0
LOC114020328	0
LOC114020331	0
LOC114020338	0
LOC114020342	789
LOC114020343	4139
LOC114020352	37
LOC114020354	80
LOC114020355	0
LOC114020356	14
LOC114020361	0
LOC114020363	0
LOC114020364	5
LOC114020365	4
LOC114020366	0
LOC114020368	12
LOC114020371	3
LOC114020372	0
LOC114020373	0
LOC114020379	6
LOC114020386	3
LOC114020388	0
LOC114020393	0
LOC114020396	0
LOC114020397	0
LOC114020399	14
LOC114020402	157
LOC114020404	2
LOC114020405	0
LOC114020406	1
LOC114020408	76
LOC114020409	3
LOC114020410	54
LOC114020415	22
LOC114020417	0
LOC114020423	49
LOC114020424	3
LOC114020426	0
LOC114020427	2
LOC114020428	26
LOC114020431	37
LOC114020432	0
LOC114020433	5
LOC114020435	3
LOC114020436	1
LOC114020437	1
LOC114020438	0
LOC114020441	0
LOC114020445	0
LOC114020450	30
LOC114020451	0
LOC114020459	157
LOC114020462	68
LOC114020464	43
LOC114020465	0
LOC114020468	3
LOC114020472	0
LOC114020473	0
LOC114020474	3
LOC114020475	2
LOC114020476	0
LOC114020480	0
LOC114020486	0
LOC114020488	16
LOC114020489	0
LOC114020493	2
LOC114020494	50
LOC114020495	3
LOC114020500	7
LOC114020502	47
LOC114020503	104
LOC114020504	19
LOC114020508	13
LOC114020514	168
LOC114020516	4
LOC114020518	56
LOC114020519	2
LOC114020520	0
LOC114020521	0
LOC114020522	89
LOC114020523	0
LOC114020524	5
LOC114020526	0
LOC114020527	0
LOC114020530	10
LOC114020532	2
LOC114020534	1054
LOC114020541	199
LOC114020544	0
LOC114020545	26
LOC114020553	10
LOC114020554	0
LOC114020556	0
LOC114020557	0
LOC114020558	24
LOC114020560	46
LOC114020562	0
LOC114020565	0
LOC114020566	51
LOC114020568	0
LOC114020569	6
LOC114020570	0
LOC114020571	160
LOC114020572	0
LOC114020574	827
LOC114020575	216
LOC114020576	0
LOC114020579	676
LOC114020582	2
LOC114020583	12
LOC114020584	2
LOC114020585	0
LOC114020587	3
LOC114020589	675
LOC114020591	102
LOC114020607	283
LOC114020608	1
LOC114020611	92
LOC114020614	6314
LOC114020616	1675
LOC114020621	488
LOC114020623	4
LOC114020625	3
LOC114020626	0
LOC114020627	10
LOC114020628	17
LOC114020629	5
LOC114020630	0
LOC114020631	12
LOC114020633	4
LOC114020634	9
LOC114020640	20
LOC114020642	7324
LOC114020650	0
LOC114020651	0
LOC114020656	7
LOC114020660	0
LOC114020661	15
LOC114020662	0
LOC114020669	0
LOC114020670	2
LOC114020671	2
LOC114020672	0
LOC114020688	50
LOC114020692	1115
LOC114020693	71
LOC114020694	0
LOC114020705	33
LOC114020712	0
LOC114020717	117
LOC114020719	129
LOC114020721	0
LOC114020724	0
LOC114020726	1
LOC114020727	0
LOC114020730	1
LOC114020735	1
LOC114020739	0
LOC114020743	24
LOC114020744	0
LOC114020748	89
LOC114020749	120
LOC114020751	2
LOC114020757	379
LOC114020758	0
LOC114020760	0
LOC114020766	19
LOC114020768	0
LOC114020769	0
LOC114020779	1
LOC114020780	4
LOC114020782	41
LOC114020785	2
LOC114020788	9
LOC114020790	0
LOC114020791	2
LOC114020792	0
LOC114020794	65
LOC114020795	100
LOC114020796	6524
LOC114020798	5
LOC114020804	0
LOC114020807	0
LOC114020808	0
LOC114020812	5
LOC114020813	0
LOC114020814	1
LOC114020815	140
LOC114020823	0
LOC114020825	0
LOC114020826	2
LOC114020828	23
LOC114020829	1
LOC114020830	303
LOC114020832	0
LOC114020836	0
LOC114020841	0
LOC114020842	8
LOC114020843	569
LOC114020850	4
LOC114020851	2
LOC114020852	208
LOC114020861	1544
LOC114020865	127
LOC114020872	0
LOC114020877	0
LOC114020879	0
LOC114020880	0
LOC114020881	0
LOC114020886	0
LOC114020890	2
LOC114020891	0
LOC114020894	1229
LOC114020898	199
LOC114020899	16
LOC114020903	0
LOC114020904	9
LOC114020905	0
LOC114020906	2
LOC114020910	1
LOC114020912	0
LOC114020914	134
LOC114020916	403
LOC114020917	34
LOC114020919	0
LOC114020920	770
LOC114020921	0
LOC114020924	46
LOC114020925	192
LOC114020926	63
LOC114020927	0
LOC114020931	237
LOC114020934	0
LOC114020935	507
LOC114020936	6
LOC114020937	1
LOC114020938	3
LOC114020943	1
LOC114020944	0
LOC114020945	3
LOC114020946	0
LOC114020951	57
LOC114020952	7752
LOC114020955	0
LOC114020958	3
LOC114020965	390
LOC114020966	491
LOC114020977	14
LOC114020978	192
LOC114020979	0
LOC114020981	0
LOC114020985	1
LOC114020987	255
LOC114020995	0
LOC114020998	0
LOC114020999	0
LOC114021001	0
LOC114021002	0
LOC114021006	0
LOC114021007	9
LOC114021011	156
LOC114021012	0
LOC114021013	0
LOC114021014	1
LOC114021015	0
LOC114021016	33
LOC114021017	4
LOC114021018	1
LOC114021019	68
LOC114021020	6
LOC114021021	3
LOC114021030	71
LOC114021033	0
LOC114021036	0
LOC114021041	43
LOC114021047	45
LOC114021050	294
LOC114021053	135
LOC114021058	0
LOC114021059	0
LOC114021061	20
LOC114021062	6
LOC114021066	21
LOC114021067	0
LOC114021069	1
LOC114021075	0
LOC114021076	85
LOC114021078	2
LOC114021079	0
LOC114021082	0
LOC114021085	0
LOC114021086	3
LOC114021088	7
LOC114021092	33
LOC114021093	36
LOC114021094	1
LOC114021095	13
LOC114021096	122
LOC114021098	9
LOC114021099	79
LOC114021100	124
LOC114021103	1039
LOC114021105	0
LOC114021106	14
LOC114021108	1253
LOC114021120	16
LOC114021121	7
LOC114021123	0
LOC114021125	82
LOC114021128	13
LOC114021130	0
LOC114021132	19
LOC114021133	8
LOC114021134	3
LOC114021136	0
LOC114021138	0
LOC114021139	23
LOC114021140	128
LOC114021142	2
LOC114021147	33
LOC114021148	18
LOC114021149	0
LOC114021150	63
LOC114021151	11
LOC114021152	0
LOC114021154	8
LOC114021157	0
LOC114021158	14
LOC114021159	0
LOC114021160	3
LOC114021162	19
LOC114021168	2937
LOC114021172	0
LOC114021174	194
LOC114021176	1003
LOC114021178	25
LOC114021179	362
LOC114021180	0
LOC114021181	590
LOC114021183	36
LOC114021184	0
LOC114021186	0
LOC114021187	1
LOC114021190	6
LOC114021202	5
LOC114021203	1
LOC114021204	33
LOC114021206	174
LOC114021207	47
LOC114021219	7
LOC114021229	0
LOC114021230	0
LOC114021236	0
LOC114021238	4
LOC114021240	4
LOC114021244	0
LOC114021246	0
LOC114021248	0
LOC114021250	1
LOC114021251	6
LOC114021252	1
LOC114021265	1
LOC114021267	2
LOC114021268	5
LOC114021270	2
LOC114021272	80
LOC114021273	3219
LOC114021276	0
LOC114021277	0
LOC114021280	5
LOC114021282	0
LOC114021284	639
LOC114021286	1
LOC114021287	46060
LOC114021291	934
LOC114021292	0
LOC114021293	339
LOC114021300	36
LOC114021301	0
LOC114021304	0
LOC114021305	566
LOC114021306	12
LOC114021308	847
LOC114021311	8
LOC114021312	4
LOC114021315	170
LOC114021316	0
LOC114021319	2077
LOC114021323	7
LOC114021329	2
LOC114021331	0
LOC114021335	7
LOC114021338	0
LOC114021339	0
LOC114021340	0
LOC114021342	70
LOC114021344	0
LOC114021345	626
LOC114021346	1109
LOC114021349	197
LOC114021353	0
LOC114021354	14
LOC114021358	0
LOC114021366	33
LOC114021367	0
LOC114021370	75
LOC114021371	0
LOC114021372	54
LOC114021373	50
LOC114021374	11
LOC114021375	0
LOC114021379	19
LOC114021380	6
LOC114021383	556
LOC114021388	0
LOC114021389	65
LOC114021392	31
LOC114021393	2
LOC114021399	190
LOC114021402	0
LOC114021403	1
LOC114021404	8
LOC114021407	32
LOC114021408	26
LOC114021411	221
LOC114021415	752
LOC114021416	297
LOC114021417	0
LOC114021418	0
LOC114021420	3
LOC114021425	140
LOC114021431	1
LOC114021432	3
LOC114021433	55
LOC114021444	0
LOC114021449	0
LOC114021452	0
LOC114021459	2
LOC114021460	999
LOC114021461	0
LOC114021463	0
LOC114021466	18
LOC114021470	0
LOC114021472	3
LOC114021474	0
LOC114021475	43
LOC114021477	752
LOC114021482	12935
LOC114021483	170
LOC114021485	565
LOC114021488	700
LOC114021489	525
LOC114021496	5
LOC114021500	3
LOC114021503	852
LOC114021505	7
LOC114021507	25
LOC114021512	0
LOC114021514	5
LOC114021517	2459
LOC114021522	2
LOC114021523	0
LOC114021524	0
LOC114021527	0
LOC114021531	0
LOC114021532	174
LOC114021533	299
LOC114021534	70
LOC114021535	203
LOC114021546	134
LOC114021547	543
LOC114021550	4
LOC114021552	0
LOC114021558	0
LOC114021559	0
LOC114021560	589
LOC114021562	0
LOC114021563	0
LOC114021570	183
LOC114021572	0
LOC114021574	1
LOC114021576	4
LOC114021580	11
LOC114021582	62
LOC114021586	2
LOC114021588	0
LOC114021592	0
LOC114021594	60
LOC114021596	205
LOC114021597	1
LOC114021600	3
LOC114021601	9
LOC114021602	50
LOC114021603	0
LOC114021608	0
LOC114021609	8
LOC114021610	2
LOC114021616	15
LOC114021621	6
LOC114021626	313
LOC114021630	42
LOC114021633	23
LOC114021635	6
LOC114021640	0
LOC114021641	152
LOC114021643	0
LOC114021644	0
LOC114021645	0
LOC114021648	0
LOC114021651	0
LOC114021652	292
LOC114021654	0
LOC114021656	0
LOC114021657	322
LOC114021659	799
LOC114021661	1431
LOC114021663	26
LOC114021666	0
LOC114021670	15
LOC114021671	17
LOC114021672	86
LOC114021676	2
LOC114021677	755
LOC114021685	828
LOC114021686	2
LOC114021687	0
LOC114021688	0
LOC114021689	0
LOC114021691	136
LOC114021692	285
LOC114021695	26
LOC114021696	672
LOC114021701	23
LOC114021702	13
LOC114021703	11
LOC114021704	12
LOC114021705	8
LOC114021706	5
LOC114021707	8
LOC114021708	1
LOC114021709	3
LOC114021710	6
LOC114021711	0
LOC114021712	18
LOC114021713	35
LOC114021714	1
LOC114021715	0
LOC114021721	0
LOC114021723	3
LOC114021727	55
LOC114021734	61
LOC114021737	1
LOC114021738	0
LOC114021741	5
LOC114021743	0
LOC114021759	28
LOC114021763	0
LOC114021764	6
LOC114021765	2
LOC114021766	0
LOC114021768	0
LOC114021769	0
LOC114021772	0
LOC114021774	5
LOC114021776	0
LOC114021777	0
LOC114021782	718
LOC114021783	1039
LOC114021786	48
LOC114021787	281
LOC114021791	8
LOC114021794	13
LOC114021795	12247
LOC114021797	2860
LOC114021798	1
LOC114021801	7
LOC114021804	1
LOC114021805	4
LOC114021817	3
LOC114021821	61
LOC114021834	77
LOC114021837	4
LOC114021842	3
LOC114021843	1338
LOC114021844	199
LOC114021845	1
LOC114021846	515
LOC114021849	226
LOC114021852	167
LOC114021855	295
LOC114021857	0
LOC114021860	41
LOC114021878	2
LOC114021879	2048
LOC114021885	1
LOC114021887	0
LOC114021891	0
LOC114021892	0
LOC114021893	0
LOC114021896	76
LOC114021897	27
LOC114021898	11
LOC114021899	0
LOC114021901	47
LOC114021902	2
LOC114021903	442
LOC114021904	116
LOC114021907	116
LOC114021908	6
LOC114021909	1
LOC114021912	4
LOC114021913	10
LOC114021914	9
LOC114021915	18
LOC114021916	0
LOC114021917	1146
LOC114021918	505
LOC114021919	11
LOC114021926	0
LOC114021928	96
LOC114021929	1
LOC114021930	47
LOC114021932	241
LOC114021944	631
LOC114021946	338
LOC114021947	690
LOC114021948	39
LOC114021952	51
LOC114021956	1
LOC114021958	2
LOC114021959	67
LOC114021960	0
LOC114021961	3006
LOC114021963	0
LOC114021965	0
LOC114021967	445
LOC114021968	0
LOC114021969	168
LOC114021970	748
LOC114021972	187
LOC114021973	183
LOC114021986	5
LOC114021987	429
LOC114021989	45
LOC114021994	930
LOC114021995	1404
LOC114021996	0
LOC114022002	50
LOC114022006	27
LOC114022007	44
LOC114022008	45
LOC114022009	44
LOC114022010	19
LOC114022011	5
LOC114022012	8
LOC114022013	7
LOC114022014	24
LOC114022015	7
LOC114022017	267
LOC114022018	7438
LOC114022020	851
LOC114022022	197
LOC114022023	3
LOC114022024	0
LOC114022027	27
LOC114022028	171
LOC114022034	0
LOC114022041	27
LOC114022044	0
LOC114022047	97
LOC114022048	0
LOC114022049	0
LOC114022052	92
LOC114022053	1
LOC114022056	2
LOC114022058	8
LOC114022059	0
LOC114022061	605
LOC114022063	0
LOC114022064	1932
LOC114022068	48
LOC114022086	1337
LOC114022087	163
LOC114022089	613
LOC114022093	4
LOC114022095	0
LOC114022096	24
LOC114022097	0
LOC114022102	0
LOC114022105	0
LOC114022106	309
LOC114022109	18
LOC114022110	8
LOC114022112	16136
LOC114022116	0
LOC114022117	57
LOC114022122	0
LOC114022126	1756
LOC114022129	30
LOC114022131	206
LOC114022132	87
LOC114022134	0
LOC114022136	13
LOC114022139	0
LOC114022142	41
LOC114022145	1
LOC114022147	23
LOC114022150	695
LOC114022152	253
LOC114022154	0
LOC114022155	2
LOC114022156	4
LOC114022164	0
LOC114022166	0
LOC114022167	0
LOC114022184	6
LOC114022185	11
LOC114022186	8
LOC114022187	19
LOC114022188	49
LOC114022192	131
LOC114022198	3
LOC114022199	18
LOC114022200	933
LOC114022204	8
LOC114022210	55
LOC114022211	145
LOC114022212	629
LOC114022214	5659
LOC114022215	2
LOC114022216	717
LOC114022220	0
LOC114022223	0
LOC114022226	36
LOC114022230	119
LOC114022233	0
LOC114022234	9
LOC114022236	4
LOC114022237	0
LOC114022239	0
LOC114022241	85
LOC114022244	49
LOC114022245	197
LOC114022246	18
LOC114022247	44
LOC114022248	0
LOC114022251	356
LOC114022253	55
LOC114022255	77
LOC114022257	0
LOC114022263	0
LOC114022264	8
LOC114022266	14
LOC114022268	1909
LOC114022270	1038
LOC114022271	1556
LOC114022276	1
LOC114022280	0
LOC114022295	10
LOC114022297	1
LOC114022298	0
LOC114022300	2
LOC114022301	36
LOC114022304	516
LOC114022312	0
LOC114022313	21
LOC114022314	771
LOC114022315	6
LOC114022316	0
LOC114022318	0
LOC114022319	193
LOC114022323	18
LOC114022328	4
LOC114022330	0
LOC114022336	977
LOC114022337	44
LOC114022339	14
LOC114022340	6
LOC114022341	8
LOC114022343	554
LOC114022345	138
LOC114022346	68
LOC114022347	473
LOC114022349	51
LOC114022350	28
LOC114022352	2
LOC114022355	167
LOC114022359	225
LOC114022363	0
LOC114022365	2
LOC114022366	17
LOC114022367	34
LOC114022368	103
LOC114022369	0
LOC114022370	0
LOC114022371	4
LOC114022372	0
LOC114022373	0
LOC114022376	376
LOC114022387	0
LOC114022390	5
LOC114022391	10
LOC114022394	633
LOC114022395	0
LOC114022399	35
LOC114022400	2
LOC114022404	1
LOC114022405	2
LOC114022406	0
LOC114022407	1
LOC114022408	0
LOC114022409	0
LOC114022410	0
LOC114022411	4
LOC114022413	0
LOC114022414	169
LOC114022415	308
LOC114022418	20
LOC114022419	93
LOC114022420	3
LOC114022423	5
LOC114022425	327
LOC114022427	2
LOC114022431	4
LOC114022432	547
LOC114022442	14
LOC114022444	9
LOC114022447	9
LOC114022452	640
LOC114022453	1366
LOC114022457	3
LOC114022459	10
LOC114022460	7
LOC114022461	0
LOC114022462	2
LOC114022468	0
LOC114022469	6
LOC114022475	4424
LOC114022485	6
LOC114022487	0
LOC114022492	701
LOC114022494	0
LOC114022495	0
LOC114022496	110
LOC114022498	6659
LOC114022499	1
LOC114022500	163
LOC114022504	0
LOC114022505	0
LOC114022507	667
LOC114022511	3290
LOC114022515	3088
LOC114022517	0
LOC114022519	14
LOC114022523	30
LOC114022524	39
LOC114022525	250
LOC114022528	14
LOC114022531	1067
LOC114022532	4
LOC114022534	0
LOC114022535	0
LOC114022543	241
LOC114022544	66
LOC114022545	48
LOC114022546	13
LOC114022548	0
LOC114022549	882
LOC114022550	26
LOC114022551	2
LOC114022554	325
LOC114022556	117
LOC114022559	18
LOC114022560	4
LOC114022561	1801
LOC114022562	563
LOC114022563	0
LOC114022564	104
LOC114022565	846
LOC114022566	0
LOC114022567	0
LOC114022568	10
LOC114022569	0
LOC114022570	3
LOC114022571	0
LOC114022573	2
LOC114022574	0
LOC114022575	16
LOC114022584	13
LOC114022586	0
LOC114022589	28
LOC114022590	0
LOC114022600	735
LOC114022601	523
LOC114022602	0
LOC114022605	0
LOC114022607	109
LOC114022609	0
LOC114022610	162
LOC114022616	0
LOC114022623	0
LOC114022626	67
LOC114022627	20
LOC114022628	0
LOC114022630	3
LOC114022634	0
LOC114022635	199
LOC114022636	0
LOC114022638	305
LOC114022640	161
LOC114022646	1194
LOC114022647	5
LOC114022651	4
LOC114022652	525
LOC114022659	426
LOC114022663	0
LOC114022664	6710
LOC114022667	2093
LOC114022673	2499
LOC114022674	23
LOC114022679	1186
LOC114022683	0
LOC114022684	0
LOC114022685	3459
LOC114022686	178
LOC114022691	280
LOC114022694	4
LOC114022697	60
LOC119563544	80
LOC119563548	11
LOC119563550	7
LOC119563551	1417
LOC119563552	2
LOC119563553	6
LOC119563554	373
LOC119563555	103
LOC119563556	2127
LOC119563557	162
LOC119563558	1986
LOC119563559	0
LOC119563560	317
LOC119563563	0
LOC119563564	160
LOC119563568	3
LOC119563569	10
LOC119563571	0
LOC119563572	56
LOC119563573	25
LOC119563574	24
LOC119563575	1
LOC119563577	1074
LOC119563578	0
LOC119563579	0
LOC119563580	1
LOC119563581	136
LOC119563582	584
LOC119563584	93
LOC119563585	247
LOC119563587	158
LOC119563588	2
LOC119563590	375
LOC119563591	4
LOC119563592	0
LOC119563593	7
LOC119563594	7
LOC119563595	1
LOC119563596	7
LOC119563597	4
LOC119563598	19
LOC119563599	6
LOC119563600	3
LOC119563601	1
LOC119563602	0
LOC119563603	1
LOC119563604	0
LOC119563605	3
LOC119563606	0
LOC119563607	5
LOC119563608	3
LOC119563609	0
LOC119563610	5
LOC119563611	1
LOC119563612	1
LOC119563613	12
LOC119563614	197
LOC119563615	0
LOC119563616	6
LOC119563617	121
LOC119563618	6
LOC119563619	13
LOC119563620	2
LOC119563621	0
LOC119563622	0
LOC119563623	0
LOC119563626	0
LOC119563627	0
LOC119563628	0
LOC119563629	0
LOC119563630	0
LOC119563631	0
LOC119563637	1
LOC119563643	15
LOC119563645	43
LOC119563646	11
LOC119563648	4
LOC119563649	5
LOC119563650	0
LOC119563651	9
LOC119563652	127
LOC119563654	302
LOC119563655	7
LOC119563658	0
LOC119563659	4
LOC119563660	3
LOC119563661	0
LOC119563662	1
LOC119563663	0
LOC119563664	125
LOC119563668	74
LOC119563669	10
LOC119563670	3
LOC119563671	45
LOC119563672	0
LOC119563673	51
LOC119563674	24
LOC119563676	4
LOC119563677	0
LOC119563678	15
LOC119563679	33
LOC119563680	62
LOC119563681	5
LOC119563682	233
LOC119563683	6
LOC119563684	122
LOC119563685	110
LOC119563686	3
LOC119563687	27
LOC119563688	12
LOC119563689	6
LOC119563690	73
LOC119563691	16
LOC119563692	0
LOC119563693	23
LOC119563695	26
LOC119563697	0
LOC119563699	198
LOC119563700	0
LOC119563701	1
LOC119563702	773
LOC119563703	4
LOC119563704	0
LOC119563705	26
LOC119563707	0
LOC119563709	0
LOC119563710	74
LOC119563711	5
LOC119563712	0
LOC119563714	0
LOC119563715	0
LOC119563716	0
LOC119563717	7
LOC119563718	0
LOC119563720	0
LOC119563721	0
LOC119563722	5
LOC119563723	6
LOC119563724	386
LOC119563725	0
LOC119563726	35
LOC119563727	18
LOC119563728	0
LOC119563729	18
LOC119563730	11
LOC119563731	136
LOC119563732	2
LOC119563737	225
LOC119563754	18
LOC119563756	3
LOC119563757	50
LOC119563758	0
LOC119563759	1066
LOC119563760	14
LOC119563761	3
LOC119563762	99
LOC119563763	1370
LOC119563764	10
LOC119563765	38
LOC119563766	12
LOC119563767	43
LOC119563768	3
LOC119563769	3
LOC119563770	0
LOC119563771	0
LOC119563772	6
LOC119563773	12
LOC119563774	2
LOC119563775	0
LOC119563776	0
LOC119563777	1
LOC119563778	1
LOC119563779	0
LOC119563780	1
LOC119563781	353
LOC119563782	0
LOC119563783	27
LOC119563784	8
LOC119563786	0
LOC119563787	0
LOC119563788	15
LOC119563789	16
LOC119563791	18
LOC119563792	58
LOC119563793	48
LOC119563794	2
LOC119563795	0
LOC119563797	148
LOC119563798	1
LOC119563799	11
LOC119563800	1
LOC119563801	0
LOC119563803	0
LOC119563804	0
LOC119563805	1
LOC119563806	1
LOC119563807	0
LOC119563808	0
LOC119563809	0
LOC119563810	6
LOC119563811	0
LOC119563812	47
LOC119563813	104
LOC119563814	13
LOC119563815	0
LOC119563816	3
LOC119563817	93
LOC119563818	1
LOC119563819	599
LOC119563820	8
LOC119563821	144
LOC119563822	7
LOC119563823	1
LOC119563824	0
LOC119563825	0
LOC119563828	0
LOC119563829	0
LOC119563830	43
LOC119563832	91
LOC119563833	43
LOC119563834	322
LOC119563835	7
LOC119563836	0
LOC119563837	118
LOC119563838	1032
LOC119563839	0
LOC119563840	25
LOC119563841	0
LOC119563842	10
LOC119563843	278
LOC119563844	1
LOC119563845	14
LOC119563846	36
LOC119563847	26
LOC119563848	181
LOC119563849	0
LOC119563850	7
LOC119563851	27
LOC119563852	68
LOC119563853	27
LOC119563854	7
LOC119563855	21
LOC119563857	5
LOC119563858	11
LOC119563859	0
LOC119563860	25
LOC119563861	16
LOC119563862	2
LOC119563863	0
LOC119563864	117
LOC119563865	10
LOC119563866	319
LOC119563867	63
LOC119563868	4
LOC119563869	2
LOC119563870	0
LOC119563871	18
LOC119563872	124
LOC119563873	120
LOC119563874	59
LOC119563875	22
LOC119563876	65
LOC119563877	10
LOC119563878	9
LOC119563879	1
LOC119563880	3
LOC119563881	178
LOC119563882	61
LOC119563883	0
LOC119563884	0
LOC119563885	0
LOC119563886	75
LOC119563887	2
LOC119563888	3
LOC119563889	14
LOC119563890	1
LOC119563891	0
LOC119563893	17
LOC119563894	0
LOC119563895	231
LOC119563896	3
LOC119563897	0
LOC119563898	10
LOC119563899	62
LOC119563900	14
LOC119563901	817
LOC119563902	2
LOC119563905	52
LOC119563906	156
LOC119563907	0
LOC119563908	0
LOC119563910	0
LOC119563911	0
LOC119563912	0
LOC119563913	0
LOC119563914	0
LOC119563916	183
LOC119563918	4
LOC119563921	6
LOC119563922	8
LOC119563923	2
LOC119563924	30
LOC119563925	0
LOC119563928	4
LOC119563929	22
LOC119563930	19
LOC119563931	447
LOC119563932	2
LOC119563933	246
LOC119563934	2
LOC119563935	13
LOC119563936	14
LOC119563937	17
LOC119563938	15
LOC119563939	769
LOC119563940	0
LOC119563941	4
LOC119563942	3
LOC119563943	41
LOC119563945	30
LOC119563946	25
LOC119563947	7
LOC119563949	3
LOC119563950	8
LOC119563951	3
LOC119563952	0
LOC119563953	2
LOC119563954	20
LOC119563955	23
LOC119563957	12
LOC119563958	18
LOC119563959	2
LOC119563960	30
LOC119563961	10
LOC119563962	0
LOC119563963	0
LOC119563965	24
LOC119563966	0
LOC119563967	0
LOC119563968	0
LOC119563969	60
LOC119563970	69
LOC119563971	62
LOC119563972	46
LOC119563974	0
LOC119563976	27
LOC119563977	21
LOC119563978	17
LOC119563979	11
LOC119563980	269
LOC119563981	10
LOC119563982	1
LOC119563983	26
LOC119563984	139
LOC119563985	114
LOC119563986	4
LOC119563987	500
LOC119563988	3
LOC119563989	12
LOC119563990	0
LOC119563991	0
LOC119563992	3
LOC119563993	4
LOC119563994	492
LOC119563995	49
LOC119563996	2
LOC119563997	52
LOC119564000	28
LOC119564001	4
LOC119564003	64
LOC119564004	0
LOC119564005	2
LOC119564006	2
LOC119564007	16
LOC119564008	22
LOC119564009	715
LOC119564010	1
LOC119564011	20
LOC119564012	11
LOC119564013	57
LOC119564014	61
LOC119564015	7
LOC119564016	3
LOC119564017	21
LOC119564018	0
LOC119564019	2
LOC119564020	0
LOC119564021	9
LOC119564022	0
LOC119564023	40
LOC119564024	628
LOC119564025	0
LOC119564026	0
LOC119564027	1
LOC119564028	0
LOC119564029	61
LOC119564030	166
LOC119564031	0
LOC119564032	0
LOC119564033	0
LOC119564034	0
LOC119564035	0
LOC119564036	0
LOC119564054	10
LOC119564055	1
LOC119564056	2
LOC119564057	6
LOC119564058	6
LOC119564059	0
LOC119564060	4
LOC119564061	1
LOC119564062	3
LOC119564063	2
LOC119564064	0
LOC119564065	0
LOC119564066	0
LOC119564067	0
LOC119564068	0
LOC119564069	0
LOC119564070	0
LOC119564071	0
LOC119564072	0
LOC119564073	0
LOC119564074	0
LOC119564075	0
LOC119564076	0
LOC119564077	0
LOC119564078	0
LOC119564079	0
LOC119564080	0
LOC119564081	18
LOC119564082	8
LOC119564083	121
LOC119564084	5
LOC119564085	0
LOC119564086	0
LOC119564087	0
LOC119564088	0
LOC119564089	6
LOC119564090	95
LOC119564091	688
LOC119564092	50
LOC119564093	38
LOC119564095	22
LOC119564096	30
LOC119564097	7
LOC119564098	8
LOC119564099	82
LOC119564100	0
LOC119564101	0
LOC119564102	0
LOC119564103	0
LOC119564104	0
LOC119564105	0
LOC119564106	0
LOC119564107	3
LOC119564109	0
LOC119564110	0
LOC119564111	0
LOC119564112	0
LOC119564114	0
LOC119564115	0
LOC119564116	94
LOC119564117	6
LOC119564118	37
LOC119564119	0
LOC119564120	25
LOC119564121	0
LOC119564122	0
LOC119564123	0
LOC119564124	0
LOC119564125	0
LOC119564126	144
LOC119564127	593
LOC119564128	157
LOC119564129	172
LOC119564130	0
LOC119564131	11
LOC119564132	1
LOC119564133	7
LOC119564134	0
LOC119564135	0
LOC119564136	0
LOC119564137	0
LOC119564138	0
LOC119564139	0
LOC119564140	0
LOC119564141	0
LOC119564142	1
LOC119564143	0
LOC119564144	0
LOC119564145	0
LOC119564146	0
LOC119564147	0
LOC119564148	0
LOC119564149	4
LOC119564150	89
LOC119564151	0
LOC119564152	3
LOC119564153	0
LOC119564156	1
LOC119564157	0
LOC119564159	0
LOC119564160	0
LOC119564161	0
LOC119564162	0
LOC119564163	0
LOC119564165	16
LOC119564166	0
LOC119564167	0
LOC119564168	108
LOC119564169	462
LOC119564170	524
LOC119564171	0
LOC119564173	0
LOC119564174	544
LOC119564175	57
LOC119564176	21
LOC119564177	0
LOC119564178	818
LOC119564179	2
LOC119564181	251
LOC119564182	4
LOC119564184	212
LOC119564186	698
LOC119564188	19
LOC119564189	17
LOC119564190	222
LOC119564192	0
LOC119564193	0
LOC119564194	0
LOC119564195	0
LOC119564196	0
LOC119564197	5538
LOC119564198	1063
LOC119564199	158
LOC119564201	72
LOC119564202	0
LOC119564203	0
LOC119564204	33
LOC119564206	0
LOC119564207	0
LOC119564209	0
LOC119564210	0
LOC119564211	0
LOC119564212	0
LOC119564213	5
LOC119564214	2
LOC119564215	0
LOC119564216	906
LOC119564218	0
LOC119564219	0
LOC119564220	0
LOC119564221	6
LOC119564222	2
LOC119564223	0
LOC119564224	0
LOC119564225	0
LOC119564226	0
LOC119564227	0
LOC119564228	0
LOC119564229	0
LOC119564230	0
LOC119564231	0
LOC119564232	383
LOC119564233	14
LOC119564235	0
LOC119564238	0
LOC119564239	0
LOC119564240	0
LOC119564241	0
LOC119564242	0
LOC119564244	0
LOC119564245	0
LOC119564246	12
LOC119564247	0
LOC119564248	0
LOC119564250	0
LOC119564251	872
LOC119564252	124
LOC119564253	28
LOC119564254	276
LOC119564255	0
LOC119564256	0
LOC119564257	1853
LOC119564258	1
LOC119564259	4
LOC119564260	4
LOC119564261	0
LOC119564262	0
LOC119564263	0
LOC119564264	2
LOC119564265	0
LOC119564266	0
LOC119564267	0
LOC119564268	0
LOC119564269	0
LOC119564270	0
LOC119564271	0
LOC119564272	23
LOC119564273	0
LOC119564274	0
LOC119564275	0
LOC119564276	0
LOC119564277	14
LOC119564278	36
LOC119564279	13
LOC119564280	503
LOC119564281	3
LOC119564282	0
LOC119564284	1
LOC119564287	36
LOC119564288	4
LOC119564289	14
LOC119564290	13
LOC119564291	26
LOC119564292	7
LOC119564293	20
LOC119564294	0
LOC119564296	1
LOC119564297	1
LOC119564298	3
LOC119564300	172
LOC119564303	298
LOC119564304	0
LOC119564305	1
LOC119564306	1
LOC119564307	31
LOC119564308	3
LOC119564309	1002
LOC119564311	1063
LOC119564313	4
LOC119564316	12
LOC119564317	41
LOC119564318	256
LOC119564319	613
LOC119564320	0
LOC119564323	144
LOC119564324	14
LOC119564326	7
LOC119564327	0
LOC119564328	7
LOC119564329	3
LOC119564330	130
LOC119564331	0
LOC119564332	0
LOC119564333	1552
LOC119564335	44
LOC119564336	0
LOC119564337	0
LOC119564338	1
LOC119564340	0
LOC119564341	0
LOC119564342	0
LOC119564343	3
LOC119564345	24
LOC119564346	0
LOC119564350	2406
LOC119564351	465
LOC119564352	670
LOC119564353	0
LOC119564356	0
LOC119564357	0
LOC119564359	0
LOC119564360	0
LOC119564361	155
LOC119564365	0
LOC119564367	0
LOC119564368	117
LOC119564369	38
LOC119564370	0
LOC119564371	0
LOC119564373	16
LOC119564377	0
LOC119564380	0
LOC119564381	13
LOC119564382	211
LOC119564383	1
LOC119564384	30
LOC119564385	4
LOC119564386	1
LOC119564387	19
LOC119564388	7490
LOC119564389	0
LOC119564390	0
LOC119564393	20
LOC119564394	9
LOC119564395	25
LOC119564396	0
LOC119564397	0
LOC119564398	10
LOC119564399	1
LOC119564400	27
LOC119564401	170
LOC119564402	40
LOC119564403	162
LOC119564404	45
LOC119564405	200
LOC119564406	38105
LOC119564407	6
LOC119564408	21
LOC119564409	359
LOC119564410	447
LOC119564411	348
LOC119564412	385
LOC119564413	61
LOC119564414	102
LOC119564415	123
LOC119564416	10
LOC119564417	493
LOC119564418	0
LOC119564419	18
LOC119564420	197
LOC119564424	20
LOC119564425	5
LOC119564426	199
LOC119564427	9
LOC119564428	663
LOC119564429	0
LOC119564430	2
LOC119564431	413
LOC119564432	8
LOC119564433	245
LOC119564434	910
LOC119564435	8
LOC119564436	3
LOC119564437	6
LOC119564438	1
LOC119564439	0
LOC119564441	8
LOC119564442	22
LOC119564444	1
LOC119564445	14
LOC119564446	77
LOC119564447	200
LOC119564450	90
LOC119564451	15
LOC119564452	10
LOC119564453	0
LOC119564454	26
LOC119564455	4
LOC119564456	140
LOC119564457	1
LOC119564458	1
LOC119564459	2
LOC119564460	3
LOC119564461	445
LOC119564462	1
LOC119564463	4
LOC119564465	1
LOC119564466	12
LOC119564468	52
LOC119564469	60
LOC119564471	4
LOC119564472	13
LOC119564474	172
LOC119564475	46
LOC119564476	7
LOC119564477	12
LOC119564478	7
LOC119564479	149
LOC119564480	0
LOC119564481	674
LOC119564482	0
LOC119564483	0
LOC119564484	0
LOC119564485	77
LOC119564486	890
LOC119564487	297
LOC119564488	78
LOC119564489	0
LOC119564491	309
LOC119564492	56
LOC119564493	16
LOC119564494	92
LOC119564495	35
LOC119564496	381
LOC119564497	69
LOC119564498	26
LOC119564499	7
LOC119564501	0
LOC119564503	223
LOC119564504	6
LOC119564505	166
LOC119564506	27
LOC119564507	130
LOC119564508	9
LOC119564509	2
LOC119564510	6
LOC119564511	0
LOC119564512	24
LOC119564513	0
LOC119564514	67
LOC119564516	13
LOC119564517	470
LOC119564518	0
LOC119564519	78
LOC119564520	693
LOC119564521	1
LOC119564522	0
LOC119564523	4
LOC119564524	10
LOC119564525	0
LOC119564526	0
LOC119564528	25
LOC119564529	555
LOC119564530	1
LOC119564533	79
LOC119564534	5
LOC119564535	80
LOC119564536	328
LOC119564537	119
LOC119564538	13
LOC119564539	0
LOC119564540	3
LOC119564541	1
LOC119564542	5
LOC119564543	0
LOC119564544	9
LOC119564545	4
LOC119564546	1184
LOC119564548	316
LOC119564549	1
LOC119564550	1
LOC119564551	0
LOC119564554	3
LOC119564555	66
LOC119564556	2
LOC119564557	43
LOC119564558	0
LOC119564559	2
LOC119564560	1
LOC119564561	0
LOC119564562	761
LOC119564564	12
LOC119564565	4
LOC119564566	0
LOC119564567	101
LOC119564568	71
LOC119564569	1
LOC119564572	0
LOC119564573	415
LOC119564580	0
LOC119564581	9
LOC119564582	0
LOC119564583	90
LOC119564584	10
LOC119564585	66
LOC119564586	228
LOC119564587	405
LOC119564588	436
LOC119564589	60
LOC119564590	1
LOC119564591	680
LOC119564592	953
LOC119564593	236
LOC119564595	437
LOC119564596	0
LOC119564597	170
LOC119564598	27
LOC119564599	0
LOC119564600	645
LOC119564601	449
LOC119564602	92
LOC119564603	15
LOC119564604	48
LOC119564605	10
LOC119564606	6
LOC119564609	43
LOC119564610	43
LOC119564611	39
LOC119564612	25
LOC119564613	136
LOC119564614	10
LOC119564615	5
LOC119564616	41
LOC119564617	2
LOC119564618	0
LOC119564619	4
LOC119564620	221
LOC119564621	42
LOC119564622	2
LOC119564623	1
LOC119564624	0
LOC119564625	1
LOC119564626	40
LOC119564630	1
LOC119564632	19
LOC119564633	4
LOC119564634	0
LOC119564635	0
LOC119564636	5
LOC119564638	76
LOC119564641	1097
LOC119564642	43
LOC119564643	41
LOC119564644	93
LOC119564648	42
LOC119564650	307
LOC119564653	53
LOC119564654	546
LOC119564655	389
LOC119564656	12
LOC119564657	0
LOC119564658	5
LOC119564659	23
LOC119564660	0
LOC119564661	0
LOC119564721	10
LOC119564757	30
LOC119564782	0
LOC119564785	20
LOC119564786	9
LOC119564787	214
LOC119564788	5
LOC119564790	0
LOC119564792	23
LOC119564793	394
LOC119564794	265
LOC119564795	94
LOC119564796	1
LOC119564797	12
LOC119564798	94
LOC119564799	12
LOC119564800	0
LOC119564801	18
LOC119564802	334
LOC119564804	37
LOC119564806	1
LOC119564808	238
LOC119564809	1
LOC119564810	0
LOC119564811	0
LOC119564813	0
LOC119564814	17
LOC119564815	0
LOC119564816	3
LOC119564817	142
LOC119564818	2994
LOC119564819	0
LOC119564820	36
LOC119564821	92
LOC119564822	0
LOC119564823	0
LOC119564824	0
LOC119564825	0
LOC119564826	2
LOC119564827	0
LOC119564828	0
LOC119564829	2
LOC119564830	0
LOC119564831	0
LOC119564836	210
LOC119564837	104
LOC119564838	1
LOC119564839	2
LOC119564840	16
LOC119564841	162
LOC119564842	13
LOC119564843	555
LOC119564844	0
LOC119564850	9
LOC119564851	21
LOC119564852	25
LOC119564853	0
LOC119564854	0
LOC119564855	209
LOC119564856	0
LOC119564858	0
LOC119564859	0
LOC119564861	32
LOC119564864	0
LOC119564865	312
LOC119564866	100
LOC119564867	10
LOC119564868	716
LOC119564870	123
LOC119564871	409
LOC119564873	112
LOC119564874	0
LOC119564875	2653
LOC119564876	21
LOC119564877	17
LOC119564878	97
LOC119564879	81
LOC119564880	85
LOC119564881	89
LOC119564882	7
LOC119564884	148
LOC119564885	127
LOC119564886	29
LOC119564887	11
LOC119564888	3
LOC119564889	0
LOC119564890	4
LOC119564891	40562
LOC119564892	8371
LOC119564893	0
LOC119564894	11
LOC119564896	197
LOC119564900	147
LOC119564902	0
LOC119564903	10
LOC119564904	44
LOC119564905	101
LOC119564906	1
LOC119564907	0
LOC119564910	1
LOC119564911	55
LOC119564912	0
LOC119564913	0
LOC119564915	3
LOC119564916	19
LOC119564917	0
LOC119564918	3
LOC119564920	12
LOC119564922	1102
LOC119564923	45
LOC119564924	2
LOC119564925	58
LOC119564931	1023
LOC119564933	18
LOC119564934	0
LOC119564935	31
LOC119564936	313
LOC119564938	1
LOC119564942	15
LOC119564943	6
LOC119564944	30
LOC119564945	1
LOC119564946	0
LOC119564947	5
LOC119564948	8
LOC119564950	280
LOC119564951	1988
LOC119564952	0
LOC119564957	21
LOC119564958	0
LOC119564959	0
LOC119564960	0
LOC119564963	0
LOC119564964	0
LOC119564966	860
LOC119564967	38
LOC119564968	0
LOC119564969	359
LOC119564973	0
LOC119564974	73
LOC119564975	0
LOC119564976	2
LOC119564977	378
LOC119564978	0
LOC119564979	2
LOC119564980	7
LOC119564981	6
LOC119564982	0
LOC119564983	1
LOC119564985	0
LOC119564986	0
LOC119564987	0
LOC119564989	0
LOC119564990	0
LOC119564991	2
LOC119564992	5
LOC119564993	5
LOC119564994	0
LOC119564995	29
LOC119564996	3
LOC119564997	1
LOC119564999	0
LOC119565000	0
LOC119565003	7
LOC119565006	6
LOC119565009	17
LOC119565012	1979
LOC119565014	95
LOC119565015	6
LOC119565016	29
LOC119565023	15
LOC119565027	1526
LOC119565028	106
LOC119565029	119
LOC119565030	7
LOC119565031	132
LOC119565032	8
LOC119565039	1
LOC119565040	0
LOC119565041	0
LOC119565042	0
LOC119565043	1
LOC119565044	209
LOC119565045	644
LOC119565046	1
LOC119565047	6
LOC119565052	469
LOC119565054	10
LOC119565056	2
LOC119565057	16
LOC119565058	9
LOC119565059	0
LOC119565060	2
LOC119565061	2
LOC119565062	1
LOC119565063	0
LOC119565064	0
LOC119565067	287
LOC119565068	2
LOC119565069	0
LOC119565070	14
LOC119565071	36
LOC119565072	1155
LOC119565073	178
LOC119565074	10
LOC119565075	0
LOC119565076	3
LOC119565077	10
LOC119565078	0
LOC119565079	0
LOC119565080	14
LOC119565081	4
LOC119565082	122
LOC119565083	2
LOC119565084	109
LOC119565085	10
LOC119565086	2162
LOC119565087	261
LOC119565088	1358
LOC119565089	0
LOC119565090	42
LOC119565091	6
LOC119565092	0
LOC119565093	0
LOC119565094	0
LOC119565095	0
LOC119565096	0
LOC119565097	0
LOC119565098	0
LOC119565099	0
LOC119565100	422
LOC119565101	149
LOC119565102	8
LOC119565103	3
LOC119565104	0
LOC119565105	93
LOC119565106	21
LOC119565108	0
LOC119565112	0
LOC119565114	0
LOC119565115	0
LOC119565116	0
LOC119565117	0
LOC119565118	0
LOC119565119	0
LOC119565121	0
LOC119565122	0
LOC119565123	0
LOC119565124	0
LOC119565125	0
LOC119565126	0
LOC119565127	0
LOC119565128	0
LOC119565129	0
LOC119565130	0
LOC119565131	0
LOC119565132	0
LOC119565133	0
LOC119565134	0
LOC119565136	0
LOC119565137	0
LOC119565138	0
LOC119565139	0
LOC119565140	0
LOC119565141	0
LOC119565142	0
LOC119565144	0
LOC119565145	0
LOC119565146	0
LOC119565147	0
LOC119565148	0
LOC119565149	0
LOC119565150	0
LOC119565151	0
LOC119565152	0
LOC119565153	0
LOC119565154	0
LOC119565155	0
LOC119565156	0
LOC119565157	0
LOC119565158	0
LOC119565159	0
LOC119565160	0
LOC119565161	0
LOC119565163	0
LOC119565164	0
LOC119565165	0
LOC119565166	0
LOC119565167	0
LOC119565168	0
LOC119565169	0
LOC119565171	0
LOC119565172	0
LOC119565173	0
LOC119565174	0
LOC119565175	0
LOC119565176	0
LOC119565177	0
LOC119565179	0
LOC119565180	0
LOC119565181	0
LOC119565182	0
LOC119565183	0
LOC119565186	0
LOC119565188	0
LOC119565189	0
LOC119565191	0
LOC119565192	0
LOC119565193	0
LOC119565194	0
LOC119565195	0
LOC119565196	0
LOC119565197	0
LOC119565198	0
LOC119565199	0
LOC119565200	0
LOC119565201	0
LOC119565202	0
LOC119565203	2
LOC119565204	0
LOC119565205	0
LOC119565206	0
LOC119565207	0
LOC119565208	2
LOC119565209	0
LOC119565210	0
LOC119565211	1
LOC119565212	0
LOC119565213	0
LOC119565214	0
LOC119565215	0
LOC119565216	0
LOC119565218	49
LOC119565219	0
LOC119565220	0
LOC119565221	1
LOC119565222	3
LOC119565223	4
LOC119565224	0
LOC119565225	0
LOC119565226	0
LOC119565227	6
LOC119565228	0
LOC119565229	0
LOC119565230	0
LOC119565231	0
LOC119565232	0
LOC119565233	0
LOC119565234	0
LOC119565235	0
LOC119565236	0
LOC119565237	0
LOC119565238	3
LOC119565239	0
LOC119565240	1
LOC119565241	0
LOC119565242	36
LOC119565243	14
LOC119565244	1
LOC119565245	0
LOC119565246	7
LOC119565247	0
LOC119565248	0
LOC119565249	0
LOC119565250	1
LOC119565251	22
LOC119565252	0
LOC119565253	0
LOC119565254	0
LOC119565255	0
LOC119565257	0
LOC119565258	0
LOC119565260	0
LOC119565262	0
LOC119565263	0
LOC119565265	6
LOC119565266	0
LOC119565267	0
LOC119565268	23
LOC119565269	0
LOC119565270	0
LOC119565271	0
LOC119565272	0
LOC119565273	0
LOC119565274	13
LOC119565275	0
LOC119565276	5
LOC119565277	0
LOC119565278	0
LOC119565279	0
LOC119565280	0
LOC119565281	0
LOC119565282	0
LOC119565283	0
LOC119565284	0
LOC119565285	8
LOC119565286	0
LOC119565287	0
LOC119565288	5
LOC119565290	0
LOC119565291	7
LOC119565292	4
LOC119565293	0
LOC119565294	3
LOC119565295	2
LOC119565296	0
LOC119565297	0
LOC119565298	0
LOC119565299	0
LOC119565300	0
LOC119565301	0
LOC119565302	0
LOC119565304	0
LOC119565305	0
LOC119565306	0
LOC119565307	0
LOC119565308	0
LOC119565309	0
LOC119565310	0
LOC119565311	0
LOC119565312	0
LOC119565313	0
LOC119565314	0
LOC119565315	0
LOC119565316	0
LOC119565317	0
LOC119565318	0
LOC119565321	0
LOC119565322	0
LOC119565343	14
LOC119565344	273
LOC119565345	1
LOC119565346	13
LOC119565347	1
LOC119565348	118
LOC119565349	0
LOC119565350	33
LOC119565351	3
LOC119565352	17
LOC119565353	1012
LOC119565354	8
LOC119565355	2
LOC119565356	18
LOC119565357	0
LOC119565358	3
LOC119565359	2
LOC119565360	5
LOC119565361	1
LOC119565362	11
LOC119565363	0
LOC119565364	10
LOC119565365	5
LOC119565366	9
LOC119565367	65
LOC119565368	3
LOC119565369	17
LOC119565370	0
LOC119565371	6
LOC119565372	47
LOC119565373	3
LOC119565374	1049
LOC119565375	1346
LOC119565378	20
LOC119565379	5
LOC119565380	1
LOC119565381	94
LOC119565382	4
LOC119565383	9
LOC119565384	1
LOC119565385	40
LOC119565386	5
LOC119565387	6
LOC119565388	384
LOC119565389	10
LOC119565390	2
LOC119565391	15
LOC119565392	32
LOC119565393	24
LOC119565394	0
LOC119565395	0
LOC119565396	2
LOC119565397	1
LOC119565398	146
LOC119565399	101
LOC119565400	0
LOC119565401	4
LOC119565402	1
LOC119565403	539
LOC119565404	50
LOC119565405	3
LOC119565407	0
LOC119565408	22
LOC119565409	2
LOC119565410	1
LOC119565411	7
LOC119565412	4
LOC119565413	0
LOC119565414	28
LOC119565415	20
LOC119565416	70
LOC119565417	7
LOC119565418	106
LOC119565419	4
LOC119565420	33
LOC119565421	119
LOC119565422	397
LOC119565423	7
LOC119565425	4
LOC119565426	86
LOC119565427	0
LOC119565428	0
LOC119565430	2
LOC119565431	7
LOC119565432	6
LOC119565433	205
LOC119565434	0
LOC119565435	38
LOC119565436	1
LOC119565437	296
LOC119565439	0
LOC119565440	0
LOC119565441	0
LOC119565442	0
LOC119565443	0
LOC119565444	73
LOC119565445	27
LOC119565446	139
LOC119565447	11
LOC119565448	1113
LOC119565449	1599
LOC119565450	11
LOC119565451	292
LOC119565452	177
LOC119565453	48
LOC119565454	3
LOC119565455	2
LOC119565456	4
LOC119565457	1
LOC119565458	720
LOC119565459	9
LOC119565460	22
LOC119565463	0
LOC119565467	0
LOC119565468	3
LOC119565469	1
LOC119565470	1
LOC119565471	4
LOC119565472	9
LOC119565474	0
LOC119565475	0
LOC119565478	2
LOC119565479	0
LOC119565480	257
LOC119565481	0
LOC119565482	0
LOC119565484	0
LOC119565486	192
LOC119565488	3
LOC119565489	4
LOC119565490	3
LOC119565491	0
LOC119565492	1
LOC119565493	0
LOC119565496	0
LOC119565497	0
LOC119565498	30
LOC119565499	1
LOC119565500	0
LOC119565501	0
LOC119565502	0
LOC119565503	2
LOC119565504	3
LOC119565505	1
LOC119565506	0
LOC119565507	0
LOC119565508	0
LOC119565509	0
LOC119565510	0
LOC119565511	14
LOC119565512	0
LOC119565513	0
LOC119565514	0
LOC119565516	0
LOC119565517	0
LOC119565518	0
LOC119565519	2
LOC119565521	0
LOC119565522	0
LOC119565523	0
LOC119565524	0
LOC119565525	0
LOC119565526	0
LOC119565527	8
LOC119565528	3
LOC119565529	0
LOC119565530	138
LOC119565531	0
LOC119565532	0
LOC119565533	63
LOC119565534	5
LOC119565535	73
LOC119565536	0
LOC119565537	21
LOC119565538	3
LOC119565539	2
LOC119565540	1
LOC119565542	17
LOC119565543	1
LOC119565544	6
LOC119565545	0
LOC119565546	27
LOC119565547	49
LOC119565548	6
LOC119565549	56
LOC119565550	49
LOC119565551	87
LOC119565552	0
LOC119565553	16
LOC119565554	2
LOC119565555	0
LOC119565556	15
LOC119565557	34
LOC119565558	16
LOC119565559	1
LOC119565560	3
LOC119565561	12
LOC119565562	14
LOC119565564	12
LOC119565565	0
LOC119565566	4
LOC119565569	0
LOC119565570	146
LOC119565572	0
LOC119565573	4
LOC119565574	24
LOC119565575	494
LOC119565576	50
LOC119565578	21
LOC119565579	10
LOC119565580	56
LOC119565581	35
LOC119565582	16
LOC119565584	4
LOC119565586	88
LOC119565587	20
LOC119565588	725
LOC119565589	1676
LOC119565590	3
LOC119565591	44
LOC119565592	29
LOC119565593	0
LOC119565594	0
LOC119565595	0
LOC119565596	10
LOC119565598	2
LOC119565599	0
LOC119565601	0
LOC119565602	12
LOC119565603	16
LOC119565604	26
LOC119565605	51
LOC119565606	113
LOC119565608	105
LOC119565610	6
LOC119565611	106
LOC119565612	77
LOC119565613	0
LOC119565614	0
LOC119565615	22
LOC119565616	2
LOC119565617	21
LOC119565618	1
LOC119565619	29
LOC119565620	35
LOC119565621	12
LOC119565622	12
LOC119565623	94
LOC119565624	1247
LOC119565625	1886
LOC119565626	0
LOC119565627	90
LOC119565628	3
LOC119565631	203
LOC119565633	1
LOC119565634	0
LOC119565635	6
LOC119565636	2
LOC119565637	14
LOC119565638	1
LOC119565639	15
LOC119565640	1
LOC119565641	9
LOC119565642	0
LOC119565643	36
LOC119565644	20
LOC119565645	354
LOC119565646	146
LOC119565647	10
LOC119565648	0
LOC119565650	0
LOC119565651	0
LOC119565652	0
LOC119565653	0
LOC119565654	1
LOC119565655	0
LOC119565656	0
LOC119565657	0
LOC119565658	0
LOC119565659	0
LOC119565660	0
LOC119565661	0
LOC119565662	0
LOC119565663	0
LOC119565676	0
LOC119565677	0
LOC119565678	0
LOC119565679	0
LOC119565680	0
LOC119565681	0
LOC119565682	42
LOC119565683	0
LOC119565684	0
LOC119565685	0
LOC119565686	1
LOC119565687	0
LOC119565688	3
LOC119565689	1
LOC119565690	0
LOC119565691	5
LOC119565692	0
LOC119565693	0
LOC119565695	44
LOC119565696	0
LOC119565697	0
LOC119565698	0
LOC119565699	24
LOC119565700	3
LOC119565701	0
LOC119565702	0
LOC119565703	1
LOC119565704	0
LOC119565705	0
LOC119565706	10
LOC119565709	111
LOC119565710	0
LOC119565712	0
LOC119565713	0
LOC119565714	0
LOC119565715	0
LOC119565716	10
LOC119565717	0
LOC119565718	20
LOC119565719	1
LOC119565720	33
LOC119565721	0
LOC119565724	1
LOC119565725	11
LOC119565726	2
LOC119565727	0
LOC119565728	38
LOC119565729	37
LOC119565730	2
LOC119565731	0
LOC119565732	0
LOC119565733	118
LOC119565734	12
LOC119565735	10
LOC119565738	46
LOC119565739	281
LOC119565740	2
LOC119565741	11
LOC119565742	3
LOC119565743	0
LOC119565744	64
LOC119565745	0
LOC119565746	8
LOC119565747	3
LOC119565748	635
LOC119565749	10
LOC119565750	5
LOC119565751	9
LOC119565752	0
LOC119565753	7
LOC119565754	0
LOC119565755	0
LOC119565756	2
LOC119565757	13
LOC119565758	50
LOC119565759	94
LOC119565760	6
LOC119565761	85
LOC119565762	24
LOC119565763	8
LOC119565764	15
LOC119565765	2
LOC119565766	2
LOC119565767	26
LOC119565768	2
LOC119565769	18
LOC119565770	423
LOC119565771	5
LOC119565772	35
LOC119565773	14
LOC119565774	49
LOC119565775	10
LOC119565776	100
LOC119565777	19
LOC119565778	2
LOC119565779	60
LOC119565780	16
LOC119565781	2
LOC119565782	0
LOC119565783	10
LOC119565784	0
LOC119565785	0
LOC119565786	82
LOC119565787	3
LOC119565788	4
LOC119565789	12
LOC119565791	10
LOC119565792	18
LOC119565793	4
LOC119565794	24
LOC119565795	18
LOC119565797	18
LOC119565798	7
LOC119565799	0
LOC119565800	17
LOC119565801	5
LOC119565802	22
LOC119565803	43
LOC119565804	3
LOC119565806	49
LOC119565807	6
LOC119565808	0
LOC119565809	17
LOC119565810	11
LOC119565811	0
LOC119565812	9
LOC119565814	6
LOC119565815	7
LOC119565816	9
LOC119565817	5
LOC119565818	0
LOC119565820	0
LOC119565821	8
LOC119565822	6
LOC119565824	7
LOC119565825	6
LOC119565826	7
LOC119565828	14
LOC119565830	3
LOC119565831	0
LOC119565832	1
LOC119565833	6
LOC119565834	4
LOC119565835	152
LOC119565837	11
LOC119565838	33
LOC119565839	317
LOC119565840	593
LOC119565841	6
LOC119565842	11
LOC119565843	138
LOC119565845	8
LOC119565846	3
LOC119565847	10
LOC119565848	30
LOC119565849	92
LOC119565850	1
LOC119565851	62
LOC119565852	35
LOC119565853	43
LOC119565854	565
LOC119565855	99
LOC119565856	0
LOC119565857	55
LOC119565858	0
LOC119565859	15
LOC119565860	0
LOC119565861	2
LOC119565862	3
LOC119565863	65
LOC119565864	8
LOC119565865	13
LOC119565866	70
LOC119565867	220
LOC119565868	178
LOC119565869	65
LOC119565870	19
LOC119565871	3
LOC119565872	27
LOC119565873	223
LOC119565874	2
LOC119565876	1
LOC119565878	494
LOC119565879	6
LOC119565880	50
LOC119565881	10
LOC119565883	3
LOC119565897	0
LOC119565919	0
LOC119565958	0
LOC119565972	24
LOC119565973	33
LOC119565974	1
LOC119565976	3
LOC119565977	4
LOC119565978	4
LOC119565979	1
LOC119565980	8
LOC119565981	0
LOC119565982	0
LOC119565983	2
LOC119565984	0
LOC119565985	0
LOC119565986	12
LOC119565987	43
LOC119565988	0
LOC119565989	0
LOC119565990	0
LOC119565991	0
LOC119565992	0
LOC119565993	0
LOC119565994	0
LOC119565995	0
LOC119565996	0
LOC119565997	1
LOC119565998	64
LOC119565999	0
LOC119566000	0
LOC119566001	0
LOC119566004	0
LOC119566005	3
LOC119566006	0
LOC119566008	0
LOC119566009	0
LOC119566010	11
LOC119566011	550
LOC119566012	2
LOC119566013	172
LOC119566014	98
LOC119566015	0
LOC119566016	0
LOC119566019	12
LOC119566020	3138
LOC119566021	4
LOC119566022	0
LOC119566023	0
LOC119566024	23
LOC119566025	12
LOC119566026	1448
LOC119566027	8043
LOC119566028	0
LOC119566029	3
LOC119566030	1362
LOC119566031	1530
LOC119566032	23
LOC119566033	0
LOC119566034	0
LOC119566035	39
LOC119566036	547
LOC119566037	12
LOC119566038	1
LOC119566039	0
LOC119566040	27
LOC119566041	19
LOC119566042	0
LOC119566043	6
LOC119566044	15
LOC119566045	0
LOC119566046	29
LOC119566047	0
LOC119566048	0
LOC119566049	0
LOC119566050	1
LOC119566051	0
LOC119566052	0
LOC119566053	0
LOC119566054	0
LOC119566055	6
LOC119566056	0
LOC119566057	0
LOC119566059	0
LOC119566060	143
LOC119566061	3
LOC119566062	22
LOC119566063	53
LOC119566064	5
LOC119566065	0
LOC119566066	41
LOC119566067	3
LOC119566068	9
LOC119566069	1
LOC119566070	13
LOC119566071	0
LOC119566072	0
LOC119566073	37
LOC119566074	227
LOC119566075	1
LOC119566076	108
LOC119566077	0
LOC119566079	0
LOC119566080	19
LOC119566082	26
LOC119566083	3
LOC119566084	2
LOC119566085	87
LOC119566086	887
LOC119566087	10
LOC119566088	22
LOC119566089	10
LOC119566090	0
LOC119566091	0
LOC119566092	35
LOC119566093	0
LOC119566094	16
LOC119566095	5
LOC119566096	46
LOC119566097	0
LOC119566098	0
LOC119566099	2
LOC119566100	12
LOC119566101	3
LOC119566102	18
LOC119566103	4
LOC119566104	5
LOC119566105	0
LOC119566106	12
LOC119566108	87
LOC119566110	11
LOC119566111	0
LOC119566112	66
LOC119566113	38
LOC119566114	0
LOC119566115	0
LOC119566116	62
LOC119566117	0
LOC119566118	0
LOC119566119	18
LOC119566120	0
LOC119566121	37
LOC119566122	26
LOC119566123	0
LOC119566124	53
LOC119566126	318
LOC119566127	1
LOC119566128	42
LOC119566130	1
LOC119566131	2
LOC119566133	6
LOC119566134	2
LOC119566135	27
LOC119566136	45
LOC119566137	73
LOC119566138	0
LOC119566139	106
LOC119566140	6
LOC119566141	2
LOC119566142	0
LOC119566143	8
LOC119566144	49
LOC119566145	13
LOC119566146	64
LOC119566147	65
LOC119566148	1
LOC119566149	0
LOC119566150	0
LOC119566151	0
LOC119566152	119
LOC119566153	1
LOC119566154	0
LOC119566155	29
LOC119566156	15
LOC119566157	47
LOC119566158	58
LOC119566159	35
LOC119566160	8
LOC119566161	1
LOC119566163	227
LOC119566164	0
LOC119566166	0
LOC119566168	16
LOC119566169	6
LOC119566170	12
LOC119566171	1
LOC119566172	0
LOC119566173	0
LOC119566174	10
LOC119566175	16
LOC119566176	3
LOC119566177	0
LOC119566178	3
LOC119566179	1
LOC119566180	0
LOC119566181	0
LOC119566182	0
LOC119566208	10
LOC119566209	0
LOC119566210	0
LOC119566211	4
LOC119566213	32
LOC119566214	0
LOC119566215	2
LOC119566216	0
LOC119566217	0
LOC119566218	18
LOC119566219	27
LOC119566220	0
LOC119566221	0
LOC119566222	2
LOC119566223	2
LOC119566224	0
LOC119566225	0
LOC119566226	0
LOC119566227	2
LOC119566228	9
LOC119566229	1
LOC119566230	0
LOC119566231	8
LOC119566232	8
LOC119566233	0
LOC119566234	0
LOC119566235	301
LOC119566236	179
LOC119566237	2
LOC119566238	1
LOC119566240	0
LOC119566241	0
LOC119566242	46
LOC119566245	26
LOC119566246	25
LOC119566247	5
LOC119566248	0
LOC119566249	0
LOC119566250	0
LOC119566252	106
LOC119566253	0
LOC119566254	6
LOC119566256	181
LOC119566260	1
LOC119566261	7
LOC119566262	0
LOC119566264	2
LOC119566265	113
LOC119566266	3
LOC119566267	0
LOC119566270	0
LOC119566271	4
LOC119566272	0
LOC119566274	26
LOC119566276	5
LOC119566277	2966
LOC119566279	136
LOC119566280	96
LOC119566281	19
LOC119566283	15
LOC119566285	228
LOC119566288	2309
LOC119566291	77
LOC119566298	13
LOC119566299	846
LOC119566300	2556
LOC119566301	1
LOC119566302	22
LOC119566303	0
LOC119566304	2
LOC119566305	0
LOC119566307	0
LOC119566309	12
LOC119566310	19
LOC119566311	13
LOC119566312	32
LOC119566314	4
LOC119566315	3
LOC119566318	0
LOC119566320	149
LOC119566321	0
LOC119566322	0
LOC119566323	0
LOC119566324	1
LOC119566325	0
LOC119566326	0
LOC119566327	0
LOC119566328	0
LOC119566329	0
LOC119566330	1
LOC119566332	26
LOC119566333	0
LOC119566334	75
LOC119566337	21262
LOC119566338	483
LOC119566340	0
LOC119566344	594
LOC119566345	68
LOC119566346	3086
LOC119566347	31
LOC119566348	5
LOC119566349	536
LOC119566350	95
LOC119566351	65
LOC119566352	20
LOC119566353	30
LOC119566354	398
LOC119566355	137
LOC119566356	0
LOC119566358	5
LOC119566359	2
LOC119566360	10109
LOC119566361	216
LOC119566362	358
LOC119566364	676
LOC119566367	13
LOC119566368	45
LOC119566369	0
LOC119566370	1
LOC119566371	111
LOC119566372	182
LOC119566373	64
LOC119566374	19
LOC119566375	188
LOC119566376	1
LOC119566377	61
LOC119566378	2
LOC119566379	0
LOC119566380	1
LOC119566381	0
LOC119566382	1153
LOC119566383	12
LOC119566384	4
LOC119566385	0
LOC119566386	0
LOC119566387	0
LOC119566388	4559
LOC119566389	8
LOC119566390	13
LOC119566391	0
LOC119566392	53
LOC119566393	289
LOC119566394	4
LOC119566395	1
LOC119566396	9
LOC119566397	146
LOC119566398	6
LOC119566399	2
LOC119566400	1
LOC119566401	23
LOC119566402	0
LOC119566403	238
LOC119566404	479
LOC119566405	32
LOC119566406	0
LOC119566407	23
LOC119566408	88
LOC119566409	1
LOC119566410	192
LOC119566411	139
LOC119566413	0
LOC119566414	101
LOC119566415	1
LOC119566416	6
LOC119566417	684
LOC119566418	1
LOC119566420	33
LOC119566421	13
LOC119566423	22
LOC119566424	0
LOC119566425	43
LOC119566426	35
LOC119566427	15
LOC119566428	0
LOC119566429	2
LOC119566430	24
LOC119566431	326
LOC119566432	203
LOC119566433	0
LOC119566434	5
LOC119566435	37
LOC119566436	32
LOC119566437	0
LOC119566439	95
LOC119566441	0
LOC119566442	45
LOC119566443	9
LOC119566444	10
LOC119566445	15
LOC119566446	0
LOC119566448	11
LOC119566450	35
LOC119566451	74
LOC119566452	11
LOC119566453	22
LOC119566454	2
LOC119566455	63
LOC119566456	105
LOC119566457	247
LOC119566459	3
LOC119566460	143
LOC119566461	0
LOC119566462	0
LOC119566463	0
LOC119566464	13
LOC119566465	83
LOC119566466	20
LOC119566468	124
LOC119566469	16
LOC119566470	0
LOC119566471	2
LOC119566472	13
LOC119566473	80
LOC119566474	291
LOC119566475	65
LOC119566477	4
LOC119566478	114
LOC119566479	1
LOC119566480	0
LOC119566481	8
LOC119566482	0
LOC119566483	1
LOC119566484	86
LOC119566486	25
LOC119566488	7
LOC119566489	100
LOC119566490	0
LOC119566491	0
LOC119566492	4
LOC119566493	0
LOC119566497	24
LOC119566498	0
LOC119566499	18
LOC119566502	0
LOC119566503	11
LOC119566504	0
LOC119566505	88
LOC119566506	46
LOC119566507	5
LOC119566508	78
LOC119566509	16380
LOC119566511	0
LOC119566513	0
LOC119566514	0
LOC119566515	12
LOC119566517	0
LOC119566518	0
LOC119566520	0
LOC119566522	10
LOC119566523	3
LOC119566524	0
LOC119566525	26
LOC119566526	0
LOC119566527	0
LOC119566528	0
LOC119566529	0
LOC119566530	2
LOC119566531	9
LOC119566532	5
LOC119566533	0
LOC119566534	32
LOC119566535	6
LOC119566536	399
LOC119566537	24
LOC119566538	9
LOC119566539	7
LOC119566540	112
LOC119566541	23
LOC119566542	3
LOC119566543	345
LOC119566544	7
LOC119566546	240
LOC119566547	6
LOC119566548	19
LOC119566549	1
LOC119566550	0
LOC119566551	586
LOC119566552	25
LOC119566553	10
LOC119566554	59
LOC119566555	149
LOC119566556	0
LOC119566557	106
LOC119566558	145
LOC119566559	0
LOC119566561	0
LOC119566562	6
LOC119566563	23
LOC119566564	214
LOC119566565	61
LOC119566566	114
LOC119566567	7
LOC119566568	17
LOC119566569	35
LOC119566570	5
LOC119566571	43
LOC119566572	0
LOC119566573	283
LOC119566574	164
LOC119566575	0
LOC119566576	6
LOC119566577	80
LOC119566578	282
LOC119566579	0
LOC119566581	7
LOC119566582	23
LOC119566583	17
LOC119566584	8
LOC119566585	0
LOC119566586	0
LOC119566587	0
LOC119566588	0
LOC119566589	169
LOC119566590	200
LOC119566591	11
LOC119566592	2
LOC119566593	14
LOC119566594	0
LOC119566596	129
LOC119566597	24
LOC119566598	16
LOC119566599	16
LOC119566600	0
LOC119566601	43
LOC119566602	3
LOC119566604	349
LOC119566605	17
LOC119566606	2
LOC119566607	32
LOC119566609	26
LOC119566610	1
LOC119566611	36
LOC119566612	18
LOC119566613	39
LOC119566614	4
LOC119566615	173
LOC119566618	35
LOC119566619	31
LOC119566620	0
LOC119566621	5
LOC119566623	0
LOC119566624	78
LOC119566626	9
LOC119566627	2
LOC119566628	26
LOC119566629	1
LOC119566630	38
LOC119566631	40
LOC119566632	1
LOC119566633	4
LOC119566634	96
LOC119566635	19
LOC119566636	11
LOC119566637	277
LOC119566638	1
LOC119566639	0
LOC119566640	0
LOC119566641	1
LOC119566643	60
LOC119566644	27
LOC119566645	70
LOC119566646	4
LOC119566647	5
LOC119566648	3
LOC119566649	8
LOC119566650	2401
LOC119566651	8
LOC119566652	358
LOC119566653	1
LOC119566654	198
LOC119566655	6
LOC119566656	0
LOC119566657	0
LOC119566658	0
LOC119566659	0
LOC119566660	0
LOC119566662	0
LOC119566663	14
LOC119566664	0
LOC119566665	38
LOC119566666	2
LOC119566667	0
LOC119566669	16
LOC119566670	13
LOC119566671	197
LOC119566672	15
LOC119566673	10
LOC119566674	0
LOC119566675	6
LOC119566676	1
LOC119566677	0
LOC119566678	1
LOC119566679	0
LOC119566680	0
LOC119566681	0
LOC119566682	0
LOC119566683	0
LOC119566684	0
LOC119566685	0
LOC119566686	0
LOC119566687	0
LOC119566688	0
LOC119566689	0
LOC119566690	0
LOC119566691	0
LOC119566692	0
LOC119566693	0
LOC119566694	0
LOC119566695	0
LOC119566696	0
LOC119566697	0
LOC119566698	0
LOC119566699	0
LOC119566700	0
LOC119566701	0
LOC119566702	0
LOC119566703	0
LOC119566704	0
LOC119566705	0
LOC119566706	0
LOC119566707	0
LOC119566708	0
LOC119566709	0
LOC119566710	0
LOC119566711	0
LOC119566712	0
LOC119566713	0
LOC119566714	0
LOC119566715	0
LOC119566717	0
LOC119566718	0
LOC119566719	0
LOC119566720	245
LOC119566721	0
LOC119566724	0
LOC119566725	0
LOC119566726	0
LOC119566728	46
LOC119566729	42
LOC119566730	17
LOC119566731	3
LOC119566733	37
LOC119566734	0
LOC119566735	0
LOC119566736	6
LOC119566737	0
LOC119566738	39
LOC119566739	2
LOC119566740	0
LOC119566741	2
LOC119566742	0
LOC119566743	0
LOC119566744	21
LOC119566745	0
LOC119566746	10
LOC119566747	0
LOC119566748	50
LOC119566749	6
LOC119566750	0
LOC119566753	22
LOC119566754	164
LOC119566755	0
LOC119566756	1
LOC119566757	0
LOC119566758	272
LOC119566759	10
LOC119566760	32
LOC119566761	14
LOC119566762	265
LOC119566763	92
LOC119566764	55
LOC119566765	1
LOC119566766	12
LOC119566767	1
LOC119566768	2
LOC119566769	0
LOC119566771	332
LOC119566772	0
LOC119566773	0
LOC119566774	128
LOC119566775	13
LOC119566777	18
LOC119566778	401
LOC119566780	0
LOC119566781	27
LOC119566782	8
LOC119566783	148
LOC119566784	2
LOC119566785	36
LOC119566786	17
LOC119566787	458
LOC119566788	2
LOC119566789	0
LOC119566790	0
LOC119566791	11
LOC119566792	116
LOC119566793	2
LOC119566794	4
LOC119566795	75
LOC119566796	18
LOC119566797	65
LOC119566798	33
LOC119566799	81
LOC119566800	27
LOC119566801	10
LOC119566802	29
LOC119566803	1
LOC119566804	29
LOC119566805	1273
LOC119566806	18
LOC119566807	0
LOC119566808	3
LOC119566809	2
LOC119566810	3
LOC119566811	0
LOC119566812	1
LOC119566813	18
LOC119566814	44
LOC119566815	12
LOC119566816	0
LOC119566817	0
LOC119566818	0
LOC119566819	1
LOC119566821	668
LOC119566822	81
LOC119566823	46
LOC119566824	25
LOC119566825	71
LOC119566826	27
LOC119566827	0
LOC119566828	0
LOC119566830	0
LOC119566831	1
LOC119566832	66
LOC119566833	42527
LOC119566834	201
LOC119566835	17
LOC119566836	0
LOC119566837	0
LOC119566840	0
LOC119566841	67
LOC119566842	14
LOC119566843	0
LOC119566844	9
LOC119566845	6
LOC119566846	0
LOC119566848	107
LOC119566849	112
LOC119566850	0
LOC119566851	4
LOC119566852	1
LOC119566853	2
LOC119566854	2
LOC119566856	3
LOC119566857	0
LOC119566858	5
LOC119566859	10
LOC119566860	0
LOC119566861	10
LOC119566862	423
LOC119566863	34
LOC119566865	11
LOC119566866	79
LOC119566867	25
LOC119566868	0
LOC119566869	119
LOC119566870	0
LOC119566871	8
LOC119566872	0
LOC119566873	0
LOC119566874	987
LOC119566875	40
LOC119566877	4
LOC119566878	1
LOC119566879	2619
LOC119566880	1
LOC119566881	1
LOC119566882	481
LOC119566883	83
LOC119566884	3
LOC119566885	11
LOC119566886	0
LOC119566887	0
LOC119566888	0
LOC119566889	0
LOC119566890	0
LOC119566893	0
LOC119566894	0
LOC119566895	0
LOC119566896	69
LOC119566897	10
LOC119566898	183
LOC119566899	19
LOC119566900	2
LOC119566901	43
LOC119566902	1
LOC119566903	5
LOC119566904	3
LOC119566905	3
LOC119566906	0
LOC119566907	8
LOC119566908	100
LOC119566909	0
LOC119566910	0
LOC119566911	4
LOC119566912	3
LOC119566913	34
LOC119566914	1
LOC119566915	30
LOC119566916	19
LOC119566917	85
LOC119566918	19
LOC119566920	2
LOC119566921	1
LOC119566922	0
LOC119566923	36
LOC119566924	15
LOC119566925	1
LOC119566926	39
LOC119566927	0
LOC119566928	1275
LOC119566929	59
LOC119566930	0
LOC119566931	0
LOC119566934	95
LOC119566936	49
LOC119566937	1
LOC119566938	0
LOC119566940	21
LOC119566941	0
LOC119566942	1
LOC119566943	1
LOC119566945	4
LOC119566947	4
LOC119566949	642
LOC119566950	1351
LOC119566951	4
LOC119566952	522
LOC119566953	8
LOC119566954	4
LOC119566955	66
LOC119566956	0
LOC119566957	150
LOC119566958	73
LOC119566959	16
LOC119566960	11
LOC119566961	0
LOC119566962	9
LOC119566963	0
LOC119566964	0
LOC119566965	24
LOC119566966	337
LOC119566967	1
LOC119566968	4
LOC119566969	43
LOC119566971	0
LOC119566972	50
LOC119566973	3
LOC119566975	45
LOC119566977	0
LOC119566978	1
LOC119566979	101
LOC119566980	0
LOC119566981	0
LOC119566982	8
LOC119566984	26
LOC119566985	173
LOC119566986	0
LOC119566987	2
LOC119566988	29
LOC119566989	0
LOC119566990	1
LOC119566991	0
LOC119566992	16
LOC119566993	0
LOC119566997	8388
LOC119566998	0
LOC119566999	66
LOC119567001	15
LOC119567002	1
LOC119567003	0
LOC119567004	1
LOC119567005	1
LOC119567006	0
LOC119567007	1
LOC119567008	0
LOC119567009	9
LOC119567010	2
LOC119567012	0
LOC119567013	0
LOC119567014	6
LOC119567015	12
LOC119567016	0
LOC119567017	6
LOC119567018	17
LOC119567019	125
LOC119567020	695
LOC119567021	34
LOC119567022	5
LOC119567023	104
LOC119567024	1
LOC119567025	25
LOC119567027	17
LOC119567028	38
LOC119567030	6
LOC119567031	68
LOC119567032	0
LOC119567033	9
LOC119567034	16
LOC119567035	7
LOC119567036	16
LOC119567037	92
LOC119567038	35
LOC119567039	7
LOC119567040	24
LOC119567041	90
LOC119567042	14
LOC119567043	7
LOC119567044	1
LOC119567045	17
LOC119567046	37
LOC119567047	5
LOC119567048	510
LOC119567049	150
LOC119567050	0
LOC119567051	14
LOC119567052	8
LOC119567053	128
LOC119567054	9
LOC119567055	0
LOC119567056	6
LOC119567057	4
LOC119567058	62
LOC119567059	16
LOC119567060	0
LOC119567061	67
LOC119567062	14
LOC119567063	0
LOC119567064	0
LOC119567065	2
LOC119567066	4
LOC119567067	1893
LOC119567068	0
LOC119567069	0
LOC119567070	0
LOC119567071	0
LOC119567072	1
LOC119567074	0
LOC119567075	128
LOC119567076	0
LOC119567077	65
LOC119567078	0
LOC119567079	0
LOC119567080	0
LOC119567083	7
LOC119567084	29
LOC119567085	4
LOC119567086	29
LOC119567087	0
LOC119567088	30
LOC119567089	35
LOC119567090	1
LOC119567091	5
LOC119567092	9
LOC119567093	3
LOC119567095	214
LOC119567096	0
LOC119567097	17
LOC119567098	537
LOC119567100	177
LOC119567101	47
LOC119567102	2
LOC119567103	101
LOC119567104	86
LOC119567105	24
LOC119567106	0
LOC119567107	0
LOC119567108	0
LOC119567109	0
LOC119567110	0
LOC119567111	0
LOC119567112	18
LOC119567113	0
LOC119567114	0
LOC119567115	1
LOC119567116	11
LOC119567117	0
LOC119567118	0
LOC119567119	17
LOC119567120	43
LOC119567122	0
LOC119567124	83
LOC119567126	83
LOC119567127	0
LOC119567129	0
LOC119567130	0
LOC119567131	4
LOC119567132	51
LOC119567133	15
LOC119567134	0
LOC119567135	4
LOC119567136	0
LOC119567137	8
LOC119567138	0
LOC119567139	0
LOC119567140	53
LOC119567141	0
LOC119567143	33
LOC119567144	5
LOC119567145	12
LOC119567146	121
LOC119567148	0
LOC119567149	9
LOC119567150	41
LOC119567151	1
LOC119567152	6
LOC119567153	1
LOC119567155	967
LOC119567156	30
LOC119567157	8
LOC119567158	27
LOC119567159	48
LOC119567160	18
LOC119567161	183
LOC119567163	1518
LOC119567164	23
LOC119567165	0
LOC119567166	3
LOC119567167	428
LOC119567169	48
LOC119567170	5
LOC119567171	9
LOC119567172	0
LOC119567173	50
LOC119567174	0
LOC119567175	439
LOC119567176	0
LOC119567177	126
LOC119567178	57
LOC119567179	33
LOC119567181	4
LOC119567182	212
LOC119567183	0
LOC119567184	5
LOC119567185	8
LOC119567186	15
LOC119567187	453
LOC119567188	1
LOC119567189	80
LOC119567190	10
LOC119567191	30
LOC119567192	18
LOC119567193	0
LOC119567194	1
LOC119567195	0
LOC119567196	20
LOC119567198	0
LOC119567199	30
LOC119567200	1
LOC119567201	0
LOC119567202	0
LOC119567203	0
LOC119567204	0
LOC119567205	0
LOC119567207	0
LOC119567208	12
LOC119567209	6
LOC119567210	552
LOC119567211	1026
LOC119567212	85
LOC119567213	42
LOC119567214	2
LOC119567215	1
LOC119567216	8
LOC119567218	0
LOC119567219	17
LOC119567220	0
LOC119567221	143
LOC119567222	0
LOC119567223	286
LOC119567224	29
LOC119567225	1465
LOC119567226	0
LOC119567227	5
LOC119567229	2
LOC119567230	37
LOC119567231	2
LOC119567232	4
LOC119567233	114
LOC119567234	0
LOC119567235	9
LOC119567236	0
LOC119567237	1
LOC119567240	0
LOC119567241	2
LOC119567242	548
LOC119567243	14
LOC119567244	10
LOC119567245	17
LOC119567247	2
LOC119567248	18
LOC119567249	52
LOC119567250	10
LOC119567251	1
LOC119567252	0
LOC119567253	2
LOC119567254	3
LOC119567255	2
LOC119567257	0
LOC119567258	33
LOC119567259	5
LOC119567260	0
LOC119567261	0
LOC119567262	44
LOC119567263	768
LOC119567264	8
LOC119567265	58
LOC119567266	21
LOC119567267	1
LOC119567268	0
LOC119567270	2
LOC119567271	1
LOC119567272	0
LOC119567273	2
LOC119567274	31
LOC119567275	12
LOC119567276	0
LOC119567277	0
LOC119567278	2
LOC119567279	0
LOC119567280	9
LOC119567281	627
LOC119567283	0
LOC119567284	0
LOC119567285	0
LOC119567286	9
LOC119567287	0
LOC119567288	0
LOC119567289	0
LOC119567290	0
LOC119567291	879
LOC119567292	0
LOC119567295	70
LOC119567297	0
LOC119567298	7
LOC119567299	874
LOC119567300	23
LOC119567301	113
LOC119567303	0
LOC119567304	0
LOC119567305	0
LOC119567306	14
LOC119567307	47
LOC119567308	8
LOC119567309	1
LOC119567310	12
LOC119567311	0
LOC119567312	12
LOC119567313	42
LOC119567314	205
LOC119567315	0
LOC119567316	26
LOC119567317	25
LOC119567318	12
LOC119567319	21
LOC119567320	0
LOC119567321	0
LOC119567322	0
LOC119567323	4
LOC119567324	1
LOC119567325	0
LOC119567326	66
LOC119567327	106
LOC119567328	27
LOC119567329	0
LOC119567330	2
LOC119567331	92
LOC119567332	5
LOC119567333	3
LOC119567334	8
LOC119567335	82
LOC119567336	3
LOC119567337	240
LOC119567338	11
LOC119567339	521
LOC119567340	29
LOC119567341	596
LOC119567342	12
LOC119567344	5
LOC119567345	0
LOC119567346	58
LOC119567347	309
LOC119567348	0
LOC119567349	0
LOC119567352	11
LOC119567353	12
LOC119567354	12
LOC119567355	3
LOC119567356	194
LOC119567357	92
LOC119567358	24
LOC119567359	48
LOC119567360	211
LOC119567361	5
LOC119567362	2
LOC119567363	486
LOC119567364	2
LOC119567365	0
LOC119567366	0
LOC119567367	78
LOC119567368	0
LOC119567369	1
LOC119567370	108
LOC119567371	0
LOC119567372	0
LOC119567373	9
LOC119567374	0
LOC119567375	8
LOC119567376	18
LOC119567377	3
LOC119567378	7
LOC119567379	7
LOC119567380	16
LOC119567381	0
LOC119567382	4
LOC119567384	0
LOC119567385	0
LOC119567386	18
LOC119567388	0
LOC119567390	0
LOC119567391	0
LOC119567392	0
LOC119567393	0
LOC119567394	0
LOC119567395	0
LOC119567396	0
LOC119567397	2
LOC119567399	4
LOC119567400	0
LOC119567402	87
LOC119567403	20
LOC119567404	75
LOC119567405	31
LOC119567406	10
LOC119567407	0
LOC119567408	56
LOC119567409	11
LOC119567410	1
LOC119567411	25
LOC119567413	2
LOC119567414	379
LOC119567415	3
LOC119567416	20
LOC119567417	2
LOC119567418	19
LOC119567419	33
LOC119567420	2
LOC119567421	12
LOC119567422	35
LOC119567423	29
LOC119567424	0
LOC119567425	105
LOC119567426	198
LOC119567427	0
LOC119567428	12
LOC119567429	24
LOC119567430	24
LOC119567431	0
LOC119567432	167
LOC119567442	537
LOC119567443	72
LOC119567444	95
LOC119567445	23
LOC119567446	5
LOC119567447	142
LOC119567448	0
LOC119567449	0
LOC119567450	0
LOC119567451	30
LOC119567452	1
LOC119567453	0
LOC119567454	18
LOC119567455	2
LOC119567456	26
LOC119567457	0
LOC119567458	11
LOC119567459	7
LOC119567460	0
LOC119567461	2224
LOC119567462	5
LOC119567463	45
LOC119567464	175
LOC119567465	77
LOC119567466	59
LOC119567467	22
LOC119567468	20
LOC119567470	11
LOC119567471	3
LOC119567472	2
LOC119567473	0
LOC119567474	0
LOC119567475	2
LOC119567477	0
LOC119567478	0
LOC119567479	0
LOC119567480	0
LOC119567481	0
LOC119567482	1396
LOC119567483	0
LOC119567484	41
LOC119567485	37
LOC119567486	70
LOC119567487	554
LOC119567488	206
LOC119567489	54
LOC119567490	1
LOC119567491	14
LOC119567492	177
LOC119567493	657
LOC119567494	0
LOC119567495	71
LOC119567496	411
LOC119567497	0
LOC119567498	0
LOC119567499	0
LOC119567500	16
LOC119567502	1
LOC119567503	35
LOC119567504	20
LOC119567505	1
LOC119567506	15
LOC119567507	8
LOC119567508	0
LOC119567509	4
LOC119567510	0
LOC119567511	5
LOC119567512	45
LOC119567513	0
LOC119567514	117
LOC119567515	190
LOC119567516	237
LOC119567517	385
LOC119567518	102
LOC119567519	1
LOC119567520	39
LOC119567521	14
LOC119567522	0
LOC119567523	4
LOC119567524	11
LOC119567525	4
LOC119567526	19
LOC119567527	0
LOC119567528	30
LOC119567529	22
LOC119567534	1106
LOC119567537	725
LOC119567538	1470
LOC119567539	44
LOC119567540	150
LOC119567542	18
LOC119567543	138
LOC119567544	159
LOC119567545	11
LOC119567546	3
LOC119567547	28
LOC119567548	130
LOC119567549	11
LOC119567550	306
LOC119567551	100
LOC119567552	65
LOC119567553	90
LOC119567554	0
LOC119567556	32
LOC119567557	0
LOC119567558	0
LOC119567559	0
LOC119567560	6
LOC119567561	6
LOC119567562	0
LOC119567563	66
LOC119567564	2
LOC119567565	5
LOC119567566	0
LOC119567567	0
LOC119567568	2
LOC119567570	1
LOC119567571	0
LOC119567572	3
LOC119567573	53
LOC119567575	195
LOC119567576	0
LOC119567577	321
LOC119567581	82
LOC119567582	0
LOC119567583	42
LOC119567584	5
LOC119567586	54
LOC119567587	33
LOC119567588	0
LOC119567589	32
LOC119567590	155
LOC119567591	0
LOC119567592	43
LOC119567593	7
LOC119567594	0
LOC119567595	0
LOC119567596	11
LOC119567597	11
LOC119567598	6
LOC119567599	0
LOC119567600	0
LOC119567601	70
LOC119567602	20
LOC119567603	3
LOC119567604	11
LOC119567605	544
LOC119567606	135
LOC119567607	5
LOC119567608	0
LOC119567609	1
LOC119567610	1
LOC119567611	0
LOC119567612	33
LOC119567613	0
LOC119567614	61
LOC119567615	25
LOC119567616	8
LOC119567617	0
LOC119567618	5
LOC119567619	6
LOC119567620	0
LOC119567621	1
LOC119567622	5
LOC119567623	6
LOC119567624	17
LOC119567625	416
LOC119567626	38
LOC119567627	37
LOC119567628	0
LOC119567630	274
LOC119567631	53
LOC119567633	0
LOC119567635	0
LOC119567636	0
LOC119567637	119
LOC119567638	186
LOC119567639	233
LOC119567640	0
LOC119567641	0
LOC119567642	0
LOC119567643	0
LOC119567644	0
LOC119567645	0
LOC119567646	72
LOC119567647	0
LOC119567648	1
LOC119567650	3
LOC119567653	0
LOC119567654	39
LOC119567655	1
LOC119567656	0
LOC119567657	7
LOC119567659	0
LOC119567660	0
LOC119567661	0
LOC119567662	0
LOC119567663	12
LOC119567665	0
LOC119567668	0
LOC119567669	27
LOC119567672	0
LOC119567673	0
LOC119567674	147
LOC119567675	11
LOC119567676	0
LOC119567677	0
LOC119567679	0
LOC119567686	0
LOC119567687	0
LOC119567688	0
LOC119567692	207
LOC119567693	1252
LOC119567694	3
LOC119567695	128
LOC119567696	49
LOC119567697	149
LOC119567698	42
LOC119567699	0
LOC119567701	655
LOC119567702	33
LOC119567703	313
LOC119567704	1363
LOC119567705	13
LOC119567706	2
LOC119567707	27
LOC119567708	362
LOC119567709	324
LOC119567710	38
LOC119567711	1208
LOC119567713	153
LOC119567714	1220
LOC119567716	911
LOC119567717	2307
LOC119567718	689
LOC119567719	0
LOC119567721	0
LOC119567723	1
LOC119567724	0
LOC119567726	0
LOC119567727	127
LOC119567728	31
LOC119567729	1
LOC119567730	1
LOC119567731	75
LOC119567732	34
LOC119567733	478
LOC119567734	3
LOC119567735	35
LOC119567736	10
LOC119567737	28
LOC119567738	16
LOC119567739	29
LOC119567740	147
LOC119567741	1
LOC119567742	28
LOC119567743	10
LOC119567744	22
LOC119567745	0
LOC119567746	1
LOC119567747	98
LOC119567748	0
LOC119567749	18
LOC119567750	58
LOC119567751	1
LOC119567752	11
LOC119567753	0
LOC119567754	0
LOC119567755	0
LOC119567756	357
LOC119567757	0
LOC119567758	1
LOC119567759	0
LOC119567760	2
LOC119567761	8
LOC119567762	1
LOC119567763	48
LOC119567764	0
LOC119567765	422
LOC119567766	36
LOC119567767	138
LOC119567768	26
LOC119567769	1558
LOC119567770	0
LOC119567771	187
LOC119567772	52
LOC119567773	3
LOC119567774	7
LOC119567775	264
LOC119567776	2
LOC119567777	69
LOC119567778	200
LOC119567779	63
LOC119567780	1
LOC119567781	126
LOC119567782	2
LOC119567783	0
LOC119567784	394
LOC119567785	23
LOC119567786	1300
LOC119567787	27
LOC119567788	59
LOC119567789	78
LOC119567790	0
LOC119567791	0
LOC119567796	0
LOC119567797	65
LOC119567799	275
LOC119567800	140
LOC119567801	2939
LOC119567802	11
LOC119567803	0
LOC119567804	19
LOC119567805	0
LOC119567806	881
LOC119567807	2
LOC119567808	0
LOC119567809	0
LOC119567810	0
LOC119567811	6
LOC119567815	95
LOC119567816	0
LOC119567817	0
LOC119567819	12
LOC119567820	0
LOC119567821	0
LOC119567822	14
LOC119567823	27
LOC119567824	0
LOC119567826	442
LOC119567827	132
LOC119567828	7
LOC119567829	0
LOC119567831	53
LOC119567832	50
LOC119567833	49
LOC119567834	6
LOC119567835	1
LOC119567836	9
LOC119567837	32
LOC119567838	7
LOC119567839	4
LOC119567840	2
LOC119567841	0
LOC119567842	0
LOC119567843	10
LOC119567844	24
LOC119567845	53
LOC119567846	0
LOC119567849	0
LOC119567851	0
LOC119567853	72
LOC119567856	0
LOC119567857	0
LOC119567858	0
LOC119567859	0
LOC119567861	0
LOC119567862	0
LOC119567863	0
LOC119567865	0
LOC119567866	0
LOC119567867	0
LOC119567868	0
LOC119567870	0
LOC119567872	0
LOC119567873	3
LOC119567874	20
LOC119567875	8
LOC119567876	9
LOC119567877	12
LOC119567878	29
LOC119567879	1
LOC119567880	0
LOC119567881	19
LOC119567882	11
LOC119567883	1
LOC119567884	3
LOC119567885	20
LOC119567886	2
LOC119567887	2
LOC119567888	4
LOC119567889	5
LOC119567890	7
LOC119567891	0
LOC119567892	0
LOC119567893	2
LOC119567894	1
LOC119567895	3
LOC119567896	7
LOC119567897	7
LOC119567898	1
LOC119567899	2
LOC119567900	106
LOC119567901	5
LOC119567902	5
LOC119567903	7
LOC119567904	1
LOC119567905	196
LOC119567906	48
LOC119567907	138
LOC119567908	8
LOC119567909	173
LOC119567910	65
LOC119567911	1
LOC119567912	25
LOC119567913	39
LOC119567914	0
LOC119567915	9
LOC119567916	900
LOC119567917	160
LOC119567918	10
LOC119567921	259
LOC119567922	10
LOC119567923	0
LOC119567924	17
LOC119567925	14
LOC119567926	6
LOC119567928	15
LOC119567929	74
LOC119567930	0
LOC119567931	935
LOC119567932	2
LOC119567933	1
LOC119567934	17
LOC119567935	14
LOC119567936	33
LOC119567937	0
LOC119567938	3
LOC119567940	36
LOC119567942	15
LOC119567943	148
LOC119567944	14
LOC119567945	0
LOC119567946	0
LOC119567947	663
LOC119567948	0
LOC119567949	0
LOC119567950	15
LOC119567951	0
LOC119567952	20
LOC119567953	131
LOC119567954	0
LOC119567955	0
LOC119567956	95
LOC119567957	5
LOC119567959	3
LOC119567960	4
LOC119567961	0
LOC119567962	36
LOC119567963	10
LOC119567965	28
LOC119567966	2243
LOC119567967	442
LOC119567968	0
LOC119567969	4
LOC119567971	2
LOC119567972	4
LOC119567973	0
LOC119567974	10
LOC119567975	20
LOC119567976	3
LOC119567977	7
LOC119567978	5
LOC119567980	0
LOC119567981	4
LOC119567982	10
LOC119567983	0
LOC119567984	5
LOC119567985	7
LOC119567986	11
LOC119567988	0
LOC119567989	0
LOC119567991	0
LOC119567992	41
LOC119567993	15
LOC119567994	4
LOC119567995	1
LOC119567996	13
LOC119567997	0
LOC119567998	0
LOC119567999	0
LOC119568000	5
LOC119568001	0
LOC119568002	32
LOC119568003	7
LOC119568004	39
LOC119568005	6
LOC119568006	3
LOC119568007	37
LOC119568008	0
LOC119568009	4
LOC119568010	11
LOC119568011	10
LOC119568012	97
LOC119568013	0
LOC119568014	8
LOC119568015	2
LOC119568016	0
LOC119568017	47
LOC119568018	24
LOC119568019	0
LOC119568020	2
LOC119568021	0
LOC119568022	27
LONP1	1539
LONP2	1020
LONRF1	3872
LONRF2	496
LONRF3	604
LORICRIN	0
LOX	28
LOXL1	0
LOXL2	45
LOXL3	5
LOXL4	0
LPAR1	1844
LPAR2	60
LPAR3	0
LPAR4	1
LPAR5	1
LPAR6	192
LPCAT1	104
LPCAT2	297
LPCAT3	580
LPCAT4	941
LPGAT1	1221
LPIN1	360
LPIN2	3260
LPIN3	58
LPL	14
LPXN	2373
LRAT	1
LRATD1	6
LRATD2	2055
LRBA	1491
LRCH1	1036
LRCH2	2030
LRCH3	1614
LRFN1	0
LRFN2	0
LRFN4	3
LRFN5	0
LRG1	0
LRGUK	78
LRIF1	1165
LRIG1	18
LRIG2	1141
LRIG3	3
LRIT1	0
LRIT2	0
LRIT3	1
LRMDA	11
LRP1	4836
LRP10	5332
LRP11	211
LRP12	388
LRP1B	0
LRP2	1
LRP3	0
LRP4	38
LRP5	567
LRP6	45
LRP8	20
LRPAP1	134
LRPPRC	1226
LRR1	502
LRRC1	48
LRRC10	0
LRRC10B	1
LRRC14	372
LRRC14B	1
LRRC15	538
LRRC17	0
LRRC18	1
LRRC19	19
LRRC2	0
LRRC20	65
LRRC23	0
LRRC24	2
LRRC25	486
LRRC26	0
LRRC27	5
LRRC28	413
LRRC29	512
LRRC3	3
LRRC30	0
LRRC31	7
LRRC32	0
LRRC34	0
LRRC36	0
LRRC37B	0
LRRC38	0
LRRC39	4
LRRC3B	0
LRRC3C	23
LRRC4	0
LRRC40	369
LRRC41	1066
LRRC42	279
LRRC43	0
LRRC45	3078
LRRC46	52
LRRC47	963
LRRC49	151
LRRC4B	0
LRRC4C	0
LRRC52	0
LRRC53	0
LRRC55	0
LRRC56	197
LRRC57	617
LRRC58	203
LRRC59	542
LRRC6	7
LRRC61	311
LRRC63	57
LRRC69	9
LRRC70	8
LRRC71	7
LRRC72	0
LRRC73	2
LRRC74A	0
LRRC74B	7
LRRC75A	37
LRRC75B	0
LRRC8A	827
LRRC8B	862
LRRC8C	198
LRRC8D	712
LRRC9	16
LRRCC1	705
LRRD1	0
LRRFIP1	3690
LRRFIP2	506
LRRIQ1	1
LRRIQ3	13
LRRIQ4	0
LRRK1	3440
LRRK2	534
LRRN1	0
LRRN2	7
LRRN3	0
LRRN4	1
LRRN4CL	24
LRRTM1	0
LRRTM2	4
LRRTM3	0
LRRTM4	0
LRSAM1	4386
LRTM1	0
LRTM2	0
LRWD1	2983
LSG1	715
LSM1	549
LSM10	838
LSM11	429
LSM12	1213
LSM14A	3001
LSM14B	820
LSM2	377
LSM3	331
LSM4	923
LSM5	195
LSM6	557
LSM7	371
LSM8	345
LSMEM1	0
LSMEM2	6
LSP1	3655
LSR	23
LSS	455
LTA	0
LTA4H	4017
LTB4R	2356
LTBP1	54
LTBP2	7
LTBP3	14
LTBP4	6
LTK	31
LTN1	957
LTO1	632
LTV1	817
LUC7L	1856
LUC7L3	2102
LUM	0
LURAP1	5
LURAP1L	52
LUZP1	551
LUZP2	1
LVRN	30
LXN	170
LY6G6F	1853
LY86	2004
LY96	148
LYAR	482
LYL1	1445
LYN	1127
LYPD1	0
LYPD6	18
LYPD6B	0
LYPLA1	1654
LYPLA2	1811
LYPLAL1	235
LYRM1	145
LYRM2	506
LYRM4	688
LYRM7	374
LYRM9	608
LYSMD1	1272
LYSMD2	605
LYSMD3	1267
LYSMD4	141
LYST	1753
LYVE1	2274
LYZ	6016
LZIC	468
LZTFL1	977
LZTR1	1117
LZTS1	1
LZTS2	942
LZTS3	0
M6PR	1770
MAB21L1	0
MAB21L2	0
MAB21L3	436
MAB21L4	0
MACC1	0
MACF1	35683
MACIR	154
MACO1	1319
MACROD1	186
MACROD2	174
MAD1L1	478
MAD2L1	41
MAD2L2	695
MADCAM1	7871
MADD	1003
MAEA	1247
MAEL	21
MAF	72
MAF1	3023
MAFA	0
MAFB	35
MAFF	1225
MAFG	1857
MAFK	1522
MAGI1	194
MAGI2	0
MAGI3	1523
MAGIX	40
MAGOH	765
MAGT1	890
MAIP1	289
MAJIN	0
MAK	29
MAK16	267
MAL	4
MAL2	7
MALL	2
MALRD1	0
MALSU1	214
MALT1	241
MAMDC2	15
MAMDC4	7
MAML1	1295
MAML2	93
MAML3	708
MAMLD1	436
MAMSTR	0
MAN1A1	2671
MAN1A2	25
MAN1B1	2171
MAN1C1	11392
MAN2A1	930
MAN2A2	1
MAN2B1	3118
MAN2B2	152
MAN2C1	1697
MANBA	2511
MANBAL	236
MANEA	2847
MANEAL	1068
MANF	284
MANSC1	28
MANSC4	31
MAOA	942
MAP10	224
MAP1A	173
MAP1B	0
MAP1LC3A	859
MAP1LC3B	3420
MAP1LC3C	0
MAP1S	4195
MAP2	2
MAP2K1	531
MAP2K2	4294
MAP2K3	938
MAP2K4	725
MAP2K5	204
MAP2K6	927
MAP2K7	6408
MAP3K1	903
MAP3K10	239
MAP3K11	1385
MAP3K12	0
MAP3K13	562
MAP3K14	2955
MAP3K15	189
MAP3K19	5
MAP3K2	1738
MAP3K20	18
MAP3K21	33
MAP3K3	1929
MAP3K4	925
MAP3K5	1945
MAP3K6	935
MAP3K7	4108
MAP3K7CL	248
MAP3K8	264
MAP3K9	87
MAP4	2653
MAP4K1	509
MAP4K2	2553
MAP4K3	1187
MAP4K4	133
MAP4K5	1924
MAP6	21
MAP6D1	35
MAP7	1
MAP7D1	241
MAP7D2	379
MAP7D3	1172
MAP9	3
MAPK1	2301
MAPK10	12
MAPK11	502
MAPK12	32
MAPK13	8
MAPK14	3115
MAPK15	47
MAPK1IP1L	4285
MAPK3	5369
MAPK4	0
MAPK6	1038
MAPK7	1869
MAPK8	706
MAPK8IP1	5
MAPK8IP2	0
MAPK8IP3	165
MAPK9	290
MAPKAP1	633
MAPKAPK2	1693
MAPKAPK3	169
MAPKAPK5	1346
MAPKBP1	97
MAPRE1	2944
MAPRE2	402
MAPRE3	3
MAPT	10542
MARCHF1	55
MARCHF10	4
MARCHF11	0
MARCHF2	756
MARCHF3	174
MARCHF4	0
MARCHF5	1382
MARCHF6	1749
MARCHF7	3328
MARCHF8	795
MARCHF9	27
MARCKS	28
MARCKSL1	178
MARCO	2
MARF1	4199
MARK1	392
MARK2	3069
MARK3	2887
MARK4	556
MARS1	2340
MARS2	398
MARVELD1	2310
MARVELD2	12
MARVELD3	14
MASP1	6
MASP2	0
MAST1	6
MAST2	4156
MAST3	1841
MAST4	331
MASTL	61
MAT1A	1
MAT2A	3794
MAT2B	2049
MATK	515
MATN1	19
MATN2	3
MATN4	3
MATR3	5772
MAU2	3005
MAVS	749
MAX	2484
MAZ	5152
MB	659
MB21D2	0
MBD1	13446
MBD2	1334
MBD3	887
MBD4	1014
MBD5	709
MBD6	2563
MBL2	0
MBLAC1	13
MBLAC2	555
MBNL1	28987
MBNL2	1156
MBNL3	1246
MBOAT1	241
MBOAT2	569
MBOAT4	0
MBTD1	2996
MBTPS1	1361
MBTPS2	328
MC1R	0
MC2R	0
MC3R	0
MC4R	0
MC5R	0
MCAM	17
MCAT	195
MCC	47
MCCC1	436
MCCC2	809
MCEE	69
MCF2	10
MCF2L	7
MCF2L2	0
MCFD2	699
MCHR1	0
MCHR2	0
MCIDAS	1
MCL1	13681
MCM10	93
MCM2	196
MCM3	440
MCM5	236
MCM6	548
MCM7	1696
MCM8	127
MCM9	360
MCMDC2	83
MCOLN1	6
MCOLN2	94
MCOLN3	9
MCPH1	17
MCRIP1	851
MCRIP2	3
MCRS1	4561
MCTP1	40
MCTP2	109
MCTS1	691
MCU	1225
MCUB	286
MCUR1	354
MDC1	4215
MDFI	0
MDFIC	4692
MDFIC2	0
MDGA1	4
MDGA2	27
MDH1	949
MDH1B	28
MDH2	1574
MDK	2
MDM1	523
MDM2	2316
MDM4	5475
MDN1	2631
MDP1	65
ME1	42
ME2	852
ME3	85
MEA1	1040
MEAF6	1366
MEAK7	1222
MECOM	5
MECR	1243
MED1	2585
MED10	1394
MED12	2505
MED12L	145
MED13	5036
MED13L	3170
MED14	1925
MED15	5190
MED16	1382
MED17	2382
MED18	462
MED19	565
MED20	698
MED21	961
MED22	1056
MED23	1624
MED24	1740
MED26	343
MED27	328
MED28	1119
MED29	1089
MED30	274
MED31	484
MED4	455
MED6	589
MED7	537
MED8	540
MED9	715
MEDAG	128
MEF2A	1452
MEF2C	1328
MEF2D	556
MEGF10	7
MEGF11	0
MEGF6	5
MEGF8	521
MEGF9	32
MEI1	95
MEI4	0
MEIG1	13
MEIKIN	7
MEIOB	0
MEIOC	5
MEIS1	2440
MEIS2	0
MEIS3	1
MELK	13
MELTF	3
MEN1	1227
MEOX1	0
MEOX2	0
MEP1A	0
MEPCE	3124
MERTK	29
MESD	1285
MEST	876
MET	0
METAP1	1171
METAP1D	202
METAP2	2448
METRN	0
METRNL	129
METTL1	168
METTL11B	0
METTL14	1717
METTL15	128
METTL16	705
METTL17	1160
METTL18	698
METTL21A	27
METTL21C	1
METTL22	955
METTL23	467
METTL24	4
METTL25	55
METTL26	4577
METTL2A	730
METTL3	1533
METTL4	949
METTL5	424
METTL6	280
METTL8	373
METTL9	478
MEX3A	1
MEX3B	6
MEX3C	995
MEX3D	177
MFAP1	2820
MFAP2	6
MFAP3	911
MFAP3L	0
MFAP4	0
MFAP5	1
MFF	512
MFGE8	282
MFHAS1	1113
MFN1	1826
MFN2	1757
MFSD1	965
MFSD10	109
MFSD11	1215
MFSD12	3018
MFSD13A	613
MFSD14A	1473
MFSD14B	4763
MFSD2A	224
MFSD2B	15876
MFSD3	289
MFSD4A	6
MFSD4B	1755
MFSD5	807
MFSD6	464
MFSD6L	48
MFSD8	390
MFSD9	163
MGA	2944
MGAT1	1871
MGAT2	2485
MGAT3	1434
MGAT4A	1086
MGAT4B	631
MGAT4C	0
MGAT4D	1612
MGAT5	557
MGAT5B	0
MGLL	718
MGME1	264
MGMT	507
MGRN1	1983
MGST1	2390
MGST2	649
MGST3	810
MIA	39
MIA2	1761
MIA3	2438
MIB1	1896
MIB2	2333
MICAL1	1628
MICAL2	210
MICAL3	5136
MICALL1	1095
MICALL2	1352
MICOS10	446
MICOS13	770
MICU1	836
MICU2	984
MICU3	0
MID1	4
MID1IP1	683
MIDEAS	817
MIDN	2544
MIEF1	2001
MIEF2	700
MIEN1	1283
MIER1	1518
MIER2	315
MIER3	1138
MIF4GD	411
MIGA1	571
MIGA2	536
MILR1	139
MINAR1	0
MINAR2	0
MINDY1	1896
MINDY2	447
MINDY3	257
MINDY4	12
MINDY4B	0
MINK1	2667
MINPP1	984
MIOS	1314
MIOX	18
MIPOL1	195
MIS12	230
MIS18A	319
MIS18BP1	69
MISP3	184
MITD1	267
MITF	1104
MIX23	200
MIXL1	6
MKI67	964
MKKS	302
MKLN1	3872
MKNK1	2127
MKNK2	3368
MKRN1	1001
MKRN2	1186
MKRN2OS	25
MKS1	1529
MKX	0
MLANA	0
MLC1	0
MLF1	452
MLF2	3638
MLH1	534
MLH3	724
MLKL	160
MLLT1	835
MLLT10	1214
MLLT11	1
MLLT3	2
MLLT6	1831
MLN	0
MLNR	0
MLPH	0
MLST8	1156
MLX	1929
MLXIPL	400
MLYCD	1559
MMAA	348
MMAB	1066
MMACHC	62
MMADHC	694
MMD	78
MMD2	2
MME	0
MMEL1	0
MMGT1	443
MMP11	0
MMP13	0
MMP14	2720
MMP15	2476
MMP16	0
MMP17	77
MMP19	75
MMP2	6
MMP23B	160
MMP24	344
MMP25	244
MMP28	0
MMP7	9
MMP9	19055
MMRN1	5475
MMRN2	0
MMS19	4347
MMS22L	45
MMUT	1967
MN1	436
MNAT1	434
MND1	126
MNS1	143
MNT	2076
MNX1	0
MOB1A	6741
MOB1B	96
MOB2	3207
MOB3A	272
MOB3B	7
MOB3C	369
MOCOS	1129
MOCS1	10177
MOCS3	269
MOGAT1	546
MOGAT2	335
MOGS	1667
MOK	139
MON1A	380
MON2	1819
MORC1	1
MORC2	1620
MORC3	1799
MORC4	2696
MORF4L1	1509
MORN1	28
MORN2	4
MORN3	1
MORN4	528
MORN5	4
MOS	0
MOSMO	173
MOSPD1	1765
MOSPD2	949
MOV10	2640
MOV10L1	1
MOXD1	0
MPC1	788
MPC2	434
MPDZ	6257
MPEG1	1469
MPG	1190
MPHOSPH10	335
MPHOSPH6	1223
MPHOSPH8	2115
MPHOSPH9	1093
MPI	846
MPL	4709
MPND	304
MPP1	3854
MPP2	18
MPP3	13
MPP4	9
MPP5	1104
MPP6	1628
MPP7	5
MPPE1	538
MPPED1	0
MPPED2	1
MPST	613
MPV17	167
MPV17L	30
MPV17L2	683
MPZ	0
MPZL1	2118
MPZL2	3
MPZL3	0
MRAP2	2
MRAS	103
MRC2	3
MRE11	2257
MREG	3
MRI1	1069
MRM1	513
MRM2	132
MRM3	323
MROH1	6269
MROH6	0
MROH7	349
MRPL1	429
MRPL10	1413
MRPL11	726
MRPL12	715
MRPL13	1095
MRPL14	381
MRPL15	1234
MRPL16	428
MRPL17	810
MRPL18	494
MRPL19	486
MRPL2	672
MRPL20	345
MRPL21	585
MRPL22	356
MRPL23	478
MRPL24	1078
MRPL27	907
MRPL28	855
MRPL3	812
MRPL30	774
MRPL32	278
MRPL33	388
MRPL34	489
MRPL35	518
MRPL36	208
MRPL37	730
MRPL38	835
MRPL39	684
MRPL4	1097
MRPL40	340
MRPL41	316
MRPL42	551
MRPL43	418
MRPL44	508
MRPL45	480
MRPL46	343
MRPL47	301
MRPL48	550
MRPL49	342
MRPL50	670
MRPL51	427
MRPL52	361
MRPL53	400
MRPL54	425
MRPL55	1172
MRPL57	702
MRPL58	471
MRPL9	1025
MRPS10	238
MRPS11	1163
MRPS12	589
MRPS14	307
MRPS15	728
MRPS16	1179
MRPS17	605
MRPS18A	480
MRPS18B	920
MRPS18C	226
MRPS2	741
MRPS21	450
MRPS22	767
MRPS23	322
MRPS25	375
MRPS26	924
MRPS27	787
MRPS30	500
MRPS31	607
MRPS33	307
MRPS34	994
MRPS35	261
MRPS36	352
MRPS5	833
MRPS6	471
MRPS7	668
MRPS9	408
MRRF	244
MRS2	665
MRTFA	3164
MRTFB	502
MRTO4	225
MS4A1	232
MSANTD1	1
MSANTD2	381
MSANTD3	0
MSANTD4	313
MSC	0
MSGN1	0
MSH2	245
MSH3	188
MSH4	10
MSH5	3
MSH6	723
MSI1	42
MSI2	677
MSL1	4966
MSL2	709
MSL3	610
MSLN	17
MSMO1	106
MSN	11777
MSR1	1
MSRA	178
MSRB1	368
MSRB2	0
MSRB3	126
MSS51	0
MST1	0
MST1R	249
MSTN	0
MSTO1	1282
MSX1	27
MSX2	0
MTA1	336
MTA2	3326
MTA3	33
MTARC2	1196
MTCH1	2823
MTCH2	1535
MTCL1	7
MTCP1	44
MTDH	4217
MTERF1	51
MTERF2	201
MTERF3	300
MTERF4	517
MTF1	1936
MTF2	1006
MTFMT	497
MTFP1	928
MTFR1	596
MTFR1L	593
MTFR2	75
MTG1	542
MTG2	618
MTHFD1	692
MTHFD1L	1713
MTHFD2	1944
MTHFD2L	0
MTHFR	199
MTHFS	62
MTHFSD	149
MTIF2	1102
MTIF3	200
MTLN	465
MTM1	626
MTMR1	859
MTMR10	1056
MTMR11	325
MTMR12	1794
MTMR14	1229
MTMR2	28
MTMR3	6178
MTMR4	1889
MTMR6	1070
MTMR7	12
MTMR8	1338
MTMR9	1493
MTNR1A	0
MTNR1B	0
MTO1	1199
MTOR	3467
MTPN	3322
MTR	556
MTRES1	482
MTREX	1505
MTRF1	875
MTRF1L	93
MTRR	539
MTSS1	201
MTSS2	1649
MTURN	741
MTUS1	0
MTUS2	12
MTX1	775
MTX2	201
MTX3	281
MUC1	0
MUC13	42
MUC15	0
MUC2	0
MUC3A	0
MUC4	0
MUC5AC	0
MUC6	0
MUL1	871
MUS81	445
MUSK	0
MUTYH	718
MVB12A	838
MVB12B	997
MVD	918
MVK	658
MXD1	4512
MXD4	1528
MXI1	5470
MXRA5	0
MXRA7	41
MXRA8	5
MYADM	4511
MYADML2	0
MYB	430
MYBBP1A	495
MYBL1	326
MYBL2	135
MYBPC1	0
MYBPC3	11
MYBPH	0
MYC	594
MYCBP2	4266
MYCL	0
MYCN	9
MYCT1	469
MYD88	986
MYDGF	730
MYEF2	1436
MYF5	0
MYF6	0
MYG1	742
MYH10	769
MYH11	11878
MYH15	1
MYH7B	0
MYH9	21529
MYL1	1
MYL10	0
MYL12B	2330
MYL2	0
MYL3	0
MYL4	0
MYL5	4
MYL7	1
MYL9	1848
MYLK	627
MYLK2	1
MYLK3	4
MYLK4	2
MYLPF	13
MYMK	0
MYNN	1968
MYO10	34
MYO15A	3
MYO15B	32
MYO16	14
MYO18A	4160
MYO18B	0
MYO19	108
MYO1A	0
MYO1B	9
MYO1C	1754
MYO1D	91
MYO1E	411
MYO1F	1419
MYO1G	1271
MYO1H	4
MYO3A	0
MYO3B	0
MYO5A	211
MYO5B	6
MYO5C	0
MYO6	12
MYO7A	5
MYO7B	1
MYO9A	2239
MYO9B	3795
MYOCD	478
MYOD1	0
MYOF	60
MYOG	0
MYOM1	6
MYOM2	0
MYOM3	0
MYORG	35
MYOT	0
MYOZ1	0
MYOZ2	0
MYOZ3	38
MYPN	2
MYRF	7
MYRFL	4
MYT1	0
MYT1L	0
MZB1	105
MZT1	111
N4BP1	2036
N4BP2	987
N4BP2L1	1398
N4BP2L2	689
N4BP3	333
N6AMT1	183
NAA15	1170
NAA16	1074
NAA20	761
NAA25	1026
NAA30	668
NAA35	671
NAA38	545
NAA40	2185
NAA50	2107
NAA60	1644
NAA80	683
NAAA	1398
NAALADL1	1
NAALADL2	12
NAB1	315
NAB2	29
NABP1	64
NABP2	314
NACA	14044
NACC1	228
NACC2	1900
NADK	976
NADK2	668
NADSYN1	385
NAE1	250
NAF1	340
NAGA	3032
NAGK	1135
NAGLU	945
NAGPA	1163
NAGS	156
NAIF1	122
NALCN	0
NAMPT	1333
NANOS1	78
NANOS2	0
NANS	284
NAP1L1	4646
NAP1L4	2943
NAPA	4796
NAPB	16
NAPEPLD	372
NAPG	1728
NAPRT	785
NARF	3502
NARS1	1753
NARS2	562
NAT10	768
NAT14	129
NAT8	387
NAT8L	0
NAT9	731
NATD1	618
NAV1	604
NAV2	0
NAV3	164
NAXD	1264
NAXE	1158
NBAS	570
NBEA	0
NBEAL1	1332
NBEAL2	5385
NBN	493
NBR1	5062
NCALD	41
NCAM1	0
NCAM2	0
NCAN	1
NCAPD2	1148
NCAPD3	213
NCAPG	236
NCAPG2	80
NCAPH	174
NCAPH2	61
NCBP1	1777
NCBP2	239
NCBP2AS2	1447
NCBP3	1106
NCCRP1	0
NCDN	613
NCEH1	482
NCF1	1311
NCF2	752
NCF4	206
NCK2	537
NCKAP1	729
NCKAP1L	3032
NCKAP5	0
NCKAP5L	448
NCKIPSD	737
NCL	10136
NCLN	1391
NCOA1	5374
NCOA2	3079
NCOA3	2077
NCOA4	19275
NCOA5	2302
NCOA6	2095
NCOA7	2229
NCOR1	3761
NCOR2	1263
NCR3	15
NCR3LG1	0
NCS1	75
NCSTN	1418
NDC1	397
NDC80	155
NDE1	481
NDEL1	862
NDFIP1	3261
NDFIP2	3320
NDNF	0
NDOR1	1189
NDRG1	1393
NDRG2	2728
NDRG3	446
NDRG4	3
NDST1	533
NDST2	99
NDST4	132
NDUFA1	594
NDUFA10	1122
NDUFA11	302
NDUFA12	545
NDUFA13	1094
NDUFA2	455
NDUFA3	1305
NDUFA4	1138
NDUFA4L2	0
NDUFA5	404
NDUFA6	332
NDUFA7	531
NDUFA8	608
NDUFA9	815
NDUFAB1	439
NDUFAF1	241
NDUFAF2	298
NDUFAF3	562
NDUFAF4	117
NDUFAF5	288
NDUFAF6	93
NDUFAF7	334
NDUFAF8	338
NDUFB1	338
NDUFB10	608
NDUFB11	807
NDUFB2	1217
NDUFB3	664
NDUFB4	636
NDUFB5	584
NDUFB6	434
NDUFB7	2393
NDUFB8	692
NDUFB9	592
NDUFC1	384
NDUFC2	517
NDUFS1	904
NDUFS2	1124
NDUFS3	877
NDUFS4	350
NDUFS5	636
NDUFS6	214
NDUFS7	834
NDUFS8	1450
NDUFV1	2411
NDUFV2	860
NDUFV3	445
NEB	21
NEBL	35
NECAB1	0
NECAB2	38
NECAB3	13
NECAP1	3205
NECAP2	2270
NECTIN1	3
NECTIN2	8675
NECTIN3	8
NECTIN4	0
NEDD1	605
NEDD4	1084
NEDD4L	1568
NEDD9	65
NEFH	8
NEFL	2
NEFM	0
NEGR1	0
NEIL1	487
NEIL2	0
NEIL3	13
NEK1	374
NEK10	11
NEK11	8
NEK2	61
NEK3	295
NEK4	1631
NEK5	52
NEK6	711
NEK7	1077
NEK8	79
NEK9	4552
NELFA	837
NELFB	2640
NELFCD	1804
NELL1	0
NELL2	1
NEMF	2106
NEMP1	442
NEMP2	1887
NENF	291
NEO1	172
NEPRO	284
NES	3
NET1	162
NETO1	0
NETO2	41
NEU2	1
NEU4	0
NEURL1	1
NEURL1B	71
NEURL2	469
NEURL3	0
NEUROD1	0
NEUROD2	0
NEUROD4	1
NEUROD6	0
NEUROG1	21
NEUROG2	0
NEUROG3	0
NEXMIF	1
NEXN	25
NF1	2693
NF2	2262
NFAM1	131
NFASC	20
NFAT5	928
NFATC1	159
NFATC2	120
NFATC3	1982
NFATC4	0
NFE2	6186
NFE2L1	2418
NFE2L2	4120
NFE2L3	40
NFIA	13486
NFIB	6
NFIC	3050
NFIL3	2132
NFILZ	57
NFIX	2518
NFKB1	1436
NFKB2	2649
NFKBIA	2601
NFKBIB	2915
NFKBID	141
NFKBIE	1907
NFKBIL1	158
NFKBIZ	783
NFRKB	2008
NFS1	1029
NFU1	2022
NFX1	593
NFXL1	712
NFYA	2736
NFYB	438
NFYC	1127
NGB	0
NGEF	0
NGF	0
NGFR	1
NGLY1	755
NGRN	967
NHEJ1	115
NHLH1	0
NHLH2	0
NHLRC1	109
NHLRC2	879
NHLRC3	445
NHLRC4	6
NHP2	470
NHS	148
NHSL1	29
NHSL2	2600
NIBAN1	2195
NIBAN2	671
NIBAN3	199
NICN1	1094
NID1	45
NID2	73
NIF3L1	454
NIFK	965
NIM1K	0
NIN	536
NINJ1	2231
NINJ2	0
NINL	198
NIP7	168
NIPA1	772
NIPA2	624
NIPAL1	5
NIPAL2	0
NIPAL3	659
NIPAL4	58
NIPBL	2787
NIPSNAP1	30
NIPSNAP2	1023
NISCH	1659
NIT1	3053
NIT2	376
NKAIN1	0
NKAIN2	0
NKAIN3	0
NKAIN4	0
NKAPD1	753
NKD1	0
NKIRAS1	1
NKIRAS2	591
NKPD1	0
NKRF	613
NKTR	3205
NKX1-1	0
NKX1-2	1
NKX2-1	0
NKX2-2	0
NKX2-3	0
NKX2-4	0
NKX2-5	0
NKX2-6	0
NKX2-8	0
NKX3-1	40
NKX3-2	0
NKX6-1	0
NKX6-2	0
NKX6-3	65
NLE1	212
NLGN1	0
NLGN2	6
NLGN3	90
NLGN4X	0
NLK	3609
NLN	30
NLRC3	1966
NLRC5	5619
NLRX1	390
NMB	10
NMBR	6
NMD3	1632
NME3	14
NME4	2
NME5	6
NME6	716
NME7	733
NME8	8
NME9	2
NMI	1395
NMNAT1	624
NMNAT2	75
NMNAT3	76
NMRK2	2021
NMS	0
NMT1	853
NMT2	250
NMU	0
NMUR1	0
NMUR2	0
NNT	781
NOA1	721
NOB1	1115
NOC2L	1232
NOC3L	956
NOC4L	1191
NOCT	251
NOD1	355
NODAL	0
NOG	0
NOL10	602
NOL11	713
NOL12	315
NOL3	36
NOL4	0
NOL4L	1609
NOL6	548
NOL7	1530
NOL8	699
NOL9	1734
NOLC1	1244
NOM1	1104
NONO	4407
NOP10	580
NOP14	1083
NOP16	952
NOP2	1144
NOP53	5664
NOP56	2858
NOP58	840
NOP9	918
NOS1	6
NOS2	8
NOS3	808
NOSTRIN	356
NOTCH1	2785
NOTCH2	5775
NOTCH3	96
NOTCH4	184
NOTUM	1
NOVA1	1
NOVA2	0
NOX1	4
NOX3	2
NOX4	0
NOX5	0
NOXA1	6
NOXO1	1
NOXRED1	7
NPAS1	15
NPAS2	1
NPAS3	20
NPAS4	11
NPB	2
NPBWR1	0
NPBWR2	0
NPC1	2086
NPC1L1	6
NPC2	567
NPDC1	1
NPEPL1	882
NPEPPS	1565
NPFF	0
NPFFR1	0
NPFFR2	2
NPHP1	118
NPHP3	378
NPHP4	66
NPHS1	0
NPHS2	0
NPL	414
NPLOC4	3804
NPM1	2183
NPM2	2
NPM3	1084
NPNT	26
NPPC	0
NPR1	3382
NPR2	234
NPR3	8
NPRL2	325
NPRL3	2157
NPS	0
NPSR1	0
NPTN	1133
NPTX1	32
NPTX2	0
NPTXR	29
NPVF	0
NPW	0
NPY	0
NPY1R	0
NPY2R	0
NPY5R	0
NQO1	1
NR0B1	0
NR0B2	0
NR1D1	84
NR1D2	1590
NR1H2	1795
NR1H3	765
NR1H4	0
NR1I3	6
NR2C1	949
NR2C2	2251
NR2E1	24
NR2E3	1
NR2F1	4
NR2F2	2
NR2F6	1229
NR3C1	2331
NR3C2	806
NR4A1	95
NR4A2	27
NR4A3	46
NR5A1	0
NR5A2	0
NR6A1	229
NRAS	971
NRBF2	636
NRBP1	1879
NRBP2	13671
NRCAM	1
NRDC	2255
NRDE2	1122
NRF1	3065
NRG1	2
NRG2	4
NRG3	0
NRG4	183
NRIP1	799
NRIP2	0
NRIP3	0
NRK	1405
NRL	18
NRM	293
NRN1	0
NRN1L	6
NRP1	3372
NRP2	732
NRROS	237
NRSN1	1
NRSN2	6
NRTN	1
NRXN1	0
NRXN2	28
NRXN3	1
NSA2	1592
NSD1	6819
NSD2	113
NSD3	2439
NSDHL	881
NSF	1342
NSFL1C	1616
NSG2	120
NSL1	711
NSMAF	1467
NSMCE1	315
NSMCE2	227
NSMCE4A	887
NSMF	1
NSRP1	2016
NSUN2	791
NSUN3	497
NSUN4	402
NSUN5	515
NSUN6	1154
NSUN7	0
NT5C	15
NT5C1A	1
NT5C2	1073
NT5C3A	702
NT5C3B	5801
NT5DC2	3630
NT5DC3	837
NT5E	267
NT5M	788
NTAN1	694
NTAQ1	94
NTF3	0
NTHL1	143
NTMT1	421
NTN1	0
NTN3	0
NTN4	96
NTN5	0
NTNG1	0
NTNG2	2
NTPCR	991
NTRK1	0
NTRK2	0
NTRK3	104
NTS	0
NTSR1	0
NUAK1	3
NUAK2	10
NUB1	3231
NUBP2	1076
NUBPL	287
NUCB1	4558
NUCB2	1405
NUCKS1	12950
NUDC	1443
NUDCD1	500
NUDCD2	672
NUDCD3	2602
NUDT1	74
NUDT12	598
NUDT13	592
NUDT14	51
NUDT15	281
NUDT16L1	3035
NUDT17	957
NUDT18	611
NUDT19	493
NUDT2	221
NUDT21	829
NUDT22	372
NUDT3	3215
NUDT4	790
NUDT5	722
NUDT6	151
NUDT7	18
NUDT8	263
NUDT9	790
NUF2	53
NUFIP1	465
NUFIP2	1160
NUGGC	1285
NUMA1	8468
NUMB	1055
NUMBL	52
NUP107	1043
NUP133	1175
NUP153	2122
NUP155	1010
NUP160	1191
NUP188	2039
NUP205	2048
NUP210	1398
NUP210L	680
NUP214	5880
NUP35	797
NUP37	274
NUP42	687
NUP43	443
NUP50	1353
NUP54	1101
NUP58	3543
NUP62CL	895
NUP85	1080
NUP88	1032
NUP93	856
NUP98	11136
NUPR1	1594
NUPR2	88
NUS1	733
NUSAP1	98
NUTF2	806
NVL	1711
NWD1	18
NWD2	0
NXF1	6188
NXN	190
NXNL1	8
NXNL2	1
NXPE1	0
NXPE3	846
NXPH1	1
NXPH2	0
NXPH3	0
NXPH4	0
NXT2	762
NYAP1	8
NYAP2	0
NYX	0
OAF	6
OARD1	1596
OAT	1199
OAZ1	17745
OAZ2	972
OAZ3	8
OBI1	32
OBSCN	1
OBSL1	143
OC90	20
OCA2	0
OCEL1	0
OCIAD1	748
OCIAD2	287
OCLN	16
OCRL	1661
ODAD1	70
ODAD2	1
ODAD3	84
ODAD4	10
ODC1	884
ODF1	0
ODF2	653
ODF2L	56
ODF3	4
ODF3B	0
ODF3L1	0
ODF3L2	0
ODR4	1329
OFCC1	0
OFD1	936
OGA	1598
OGDH	4917
OGDHL	198
OGFOD1	1174
OGFOD2	555
OGFOD3	315
OGFR	2162
OGFRL1	304
OGG1	797
OGN	2
OGT	10827
OIP5	27
OIT3	2
OLA1	653
OLAH	33
OLFM1	0
OLFM2	1
OLFM3	0
OLFM4	0
OLFML1	0
OLFML2A	17
OLFML2B	57
OLFML3	20
OLIG1	3
OLIG2	0
OLIG3	0
OMA1	519
OMD	0
OMG	207
ONECUT1	0
ONECUT2	0
ONECUT3	0
OPA1	4085
OPA3	284
OPCML	0
OPHN1	1037
OPLAH	28
OPN1SW	0
OPN3	0
OPN4	0
OPN5	0
OPRD1	0
OPRK1	0
OPRL1	0
OPRM1	0
OPTC	0
OPTN	1891
ORAI1	604
ORAI2	37
ORC1	123
ORC2	1846
ORC3	444
ORC4	351
ORC5	401
ORC6	332
ORMDL1	889
ORMDL2	523
ORMDL3	2170
OS9	4959
OSBP2	2078
OSBPL10	164
OSBPL11	1790
OSBPL1A	2345
OSBPL2	1671
OSBPL3	428
OSBPL5	68
OSBPL6	10
OSBPL7	679
OSBPL8	3375
OSBPL9	1703
OSCP1	575
OSER1	488
OSGEPL1	374
OSGIN1	8043
OSGIN2	45
OSMR	0
OSR1	0
OSR2	2
OST4	858
OSTC	569
OSTF1	1426
OSTM1	1055
OSTN	0
OTC	0
OTOA	42
OTOF	0
OTOG	1
OTOGL	0
OTOL1	0
OTOP1	0
OTOP2	2
OTOP3	0
OTOR	44
OTOS	0
OTUB1	367
OTUD1	2323
OTUD3	1384
OTUD4	1801
OTUD5	5240
OTUD6B	512
OTUD7A	3
OTUD7B	898
OTULIN	1432
OTULINL	135
OTX1	4
OTX2	0
OVCA2	363
OVCH1	260
OVCH2	21
OVOL1	0
OVOL2	0
OVOL3	2
OXA1L	1837
OXCT1	1877
OXLD1	154
OXNAD1	97
OXR1	1122
OXSM	155
OXSR1	2095
OXTR	0
P2RX1	476
P2RX3	28
P2RX4	262
P2RX5	1211
P2RX7	341
P2RY1	22
P2RY12	49
P2RY13	26
P2RY14	15
P2RY2	57
P2RY4	225
P2RY6	9
P2RY8	574
P3H1	1372
P3H2	0
P3H3	81
P3H4	289
P4HA1	929
P4HA2	13
P4HA3	0
P4HB	3973
P4HTM	1035
PA2G4	5959
PAAF1	620
PABPC1	160172
PABPC1L	214
PABPC4	2103
PABPN1L	26
PACC1	826
PACRG	0
PACRGL	45
PACS1	4014
PACS2	324
PACSIN1	60
PACSIN2	1218
PACSIN3	4018
PAF1	3022
PAFAH1B1	2677
PAFAH1B2	1826
PAFAH1B3	738
PAFAH2	561
PAG1	255
PAGR1	753
PAH	0
PAIP1	1887
PAIP2	1685
PAIP2B	1063
PAK1	5
PAK1IP1	1561
PAK2	1655
PAK3	0
PAK4	88
PAK5	0
PAK6	4
PALB2	744
PALD1	339
PALM	0
PALM2AKAP2	45
PALM3	4
PALMD	0
PAM	883
PAM16	1116
PAMR1	0
PAN2	1734
PAN3	9383
PANK1	41
PANK2	804
PANK3	1237
PANK4	1171
PANX1	3
PANX2	92
PANX3	150
PAOX	842
PAPLN	4
PAPOLA	3058
PAPOLG	0
PAPPA	0
PAPPA2	0
PAPSS1	864
PAPSS2	287
PAQR3	381
PAQR4	273
PAQR5	541
PAQR6	46
PAQR7	1472
PAQR8	433
PAQR9	0
PARD3	48
PARD3B	51
PARD6A	988
PARD6B	116
PARD6G	0
PARG	1180
PARK7	1126
PARL	738
PARM1	2216
PARN	814
PARP1	1808
PARP10	4284
PARP11	856
PARP14	6414
PARP16	1339
PARP2	3002
PARP3	179
PARP4	543
PARP6	21
PARP8	135
PARP9	2087
PARS2	557
PARVA	260
PARVB	4368
PARVG	339
PASD1	184
PASK	311
PATJ	53
PATL1	2773
PATL2	9
PATZ1	523
PAWR	1
PAX1	0
PAX2	0
PAX3	0
PAX5	296
PAX6	0
PAX7	0
PAX8	6
PAX9	4
PAXBP1	2228
PAXIP1	879
PAXX	4237
PBDC1	358
PBK	318
PBRM1	1262
PBX1	901
PBX3	54
PBX4	1710
PBXIP1	3151
PC	157
PCARE	0
PCBD1	0
PCBD2	1011
PCBP2	142944
PCBP3	0
PCBP4	120
PCCA	271
PCCB	1665
PCDH1	0
PCDH10	0
PCDH11X	0
PCDH12	128
PCDH15	0
PCDH17	1
PCDH18	0
PCDH19	0
PCDH20	0
PCDH7	0
PCDH8	2
PCDH9	1
PCED1A	386
PCF11	3299
PCGF1	473
PCGF2	258
PCGF3	1312
PCGF5	1914
PCGF6	269
PCID2	572
PCIF1	5447
PCK1	2
PCK2	3499
PCLAF	106
PCLO	0
PCM1	2086
PCMT1	1018
PCMTD1	1437
PCMTD2	7465
PCNA	1078
PCNT	2884
PCNX1	3111
PCNX2	59
PCNX3	2344
PCNX4	573
PCOLCE	94
PCOLCE2	0
PCP2	0
PCP4	2
PCP4L1	76
PCSK1	1
PCSK1N	4
PCSK2	0
PCSK4	2
PCSK5	53
PCSK6	31
PCSK7	3322
PCSK9	2
PCYOX1	323
PCYOX1L	582
PCYT1A	3807
PCYT1B	3
PCYT2	2343
PDAP1	777
PDC	0
PDCD1	53
PDCD10	706
PDCD11	1419
PDCD2	326
PDCD2L	785
PDCD4	1153
PDCD5	378
PDCD6	1346
PDCD7	1909
PDCL	2241
PDCL2	0
PDCL3	1209
PDE10A	0
PDE11A	15
PDE12	424
PDE1A	0
PDE1B	737
PDE1C	4
PDE2A	542
PDE3A	83
PDE3B	567
PDE4A	3329
PDE4B	185
PDE4C	3
PDE4D	3396
PDE5A	17
PDE6C	1
PDE6D	529
PDE6G	15
PDE6H	0
PDE7A	414
PDE7B	15
PDE8A	574
PDE8B	0
PDE9A	1
PDGFA	0
PDGFB	318
PDGFC	0
PDGFD	1
PDGFRA	0
PDGFRB	6
PDGFRL	0
PDHA1	1151
PDHB	1065
PDHX	386
PDIA2	0
PDIA3	5153
PDIA4	713
PDIA5	1451
PDIA6	1011
PDIK1L	458
PDILT	0
PDK1	159
PDK2	3209
PDK3	164
PDK4	245
PDLIM1	3318
PDLIM2	364
PDLIM3	0
PDLIM4	3
PDLIM5	637
PDLIM7	10910
PDP1	1642
PDP2	1300
PDPK1	2537
PDPN	1
PDPR	1421
PDRG1	607
PDS5A	1275
PDS5B	1286
PDSS1	318
PDSS2	278
PDX1	0
PDXDC1	1044
PDXK	458
PDYN	4
PDZD11	985
PDZD2	1
PDZD3	92
PDZD7	1
PDZD8	758
PDZD9	17
PDZK1	18
PDZK1IP1	3
PDZRN3	2
PDZRN4	0
PEA15	161
PEAK1	481
PEAK3	189
PEAR1	2195
PEBP1	5051
PEBP4	27
PECAM1	2592
PECR	242
PEF1	730
PELI1	526
PELI2	1963
PELI3	0
PELO	593
PEMT	1912
PENK	0
PEPD	1147
PER1	1134
PER2	3337
PERCC1	0
PERM1	0
PES1	1204
PEX1	906
PEX10	419
PEX11B	584
PEX11G	860
PEX12	1915
PEX13	697
PEX14	501
PEX16	2026
PEX19	1263
PEX2	226
PEX26	507
PEX3	1296
PEX5	1994
PEX5L	0
PEX6	3171
PEX7	539
PFAS	1282
PFDN1	386
PFDN2	798
PFDN4	313
PFDN5	554
PFDN6	1597
PFKFB1	22
PFKFB2	430
PFKFB3	10449
PFKFB4	334
PFKL	401
PFKM	53
PFN1	14372
PFN2	9
PFN3	0
PFN4	0
PGAM1	2549
PGAP1	1141
PGAP2	226
PGAP3	1645
PGAP4	246
PGAP6	1673
PGBD5	1
PGD	1984
PGF	62
PGGHG	19
PGGT1B	491
PGK1	1496
PGLS	478
PGLYRP2	12
PGM1	815
PGM2	3095
PGM2L1	3012
PGM3	688
PGM5	6
PGPEP1	308
PGPEP1L	1
PGR	0
PGRMC1	1799
PGRMC2	791
PGS1	1033
PHACTR1	289
PHACTR2	391
PHACTR3	0
PHACTR4	729
PHAX	1711
PHB	1439
PHB2	2752
PHC1	4328
PHC2	1448
PHC3	698
PHETA1	8
PHETA2	1022
PHEX	1
PHF1	1144
PHF10	1223
PHF12	3903
PHF13	378
PHF14	539
PHF19	191
PHF2	1374
PHF20	2406
PHF20L1	1399
PHF21A	1144
PHF21B	1562
PHF24	1
PHF3	4444
PHF5A	1050
PHF6	738
PHF8	1194
PHGDH	31
PHKA1	4286
PHKA2	1564
PHKB	1044
PHKG1	61
PHKG2	1432
PHLDA1	55
PHLDA2	34
PHLDA3	178
PHLDB1	355
PHLDB2	27
PHLDB3	981
PHLPP1	529
PHLPP2	508
PHOSPHO1	654
PHOSPHO2	235
PHOX2A	0
PHOX2B	89
PHPT1	657
PHRF1	2669
PHTF1	816
PHTF2	250
PHYH	715
PHYHD1	4474
PHYHIPL	2
PHYKPL	263
PI15	0
PI16	3
PI3	4471
PI4K2A	1450
PI4K2B	728
PI4KA	3173
PI4KB	3552
PIAS1	2874
PIAS2	426
PIAS3	751
PIAS4	372
PIBF1	250
PICALM	2055
PICK1	2648
PID1	111
PIDD1	265
PIEZO1	5797
PIEZO2	0
PIF1	87
PIFO	0
PIGA	522
PIGB	1530
PIGBOS1	169
PIGC	483
PIGF	198
PIGG	278
PIGH	330
PIGK	346
PIGL	263
PIGM	147
PIGN	486
PIGO	525
PIGQ	471
PIGR	5
PIGS	1458
PIGT	1482
PIGU	407
PIGV	281
PIGW	154
PIGX	417
PIGY	552
PIGZ	5
PIH1D1	1004
PIH1D2	60
PIK3AP1	1529
PIK3C2A	1626
PIK3C2B	197
PIK3C2G	0
PIK3C3	787
PIK3CA	1679
PIK3CB	547
PIK3CD	6418
PIK3CG	1083
PIK3IP1	1375
PIK3R1	1066
PIK3R2	1742
PIK3R4	1375
PIK3R5	527
PIK3R6	250
PIKFYVE	933
PIM1	2187
PIM2	1035
PIM3	533
PIMREG	17
PIN1	1042
PIN4	310
PINK1	1547
PINX1	337
PIP4K2A	535
PIP4K2B	2918
PIP4K2C	1178
PIP4P1	748
PIP4P2	2
PIP5K1A	1660
PIP5K1B	60
PIP5K1C	1038
PIP5KL1	0
PIPOX	5
PIR	0
PIRT	0
PISD	390
PITHD1	2413
PITPNA	1117
PITPNB	724
PITPNC1	955
PITPNM1	1022
PITPNM2	1238
PITPNM3	10
PITRM1	1783
PITX1	0
PITX2	0
PITX3	1
PIWIL1	0
PIWIL2	2
PIWIL4	1
PJA2	527
PJVK	9
PKD1	51
PKD1L1	0
PKD1L2	1
PKD2	512
PKD2L1	0
PKD2L2	0
PKDCC	3
PKDREJ	0
PKHD1	0
PKIA	35
PKIG	0
PKLR	2410
PKM	4407
PKMYT1	235
PKN1	2625
PKN2	1068
PKN3	12
PKNOX1	1776
PKNOX2	0
PKP1	0
PKP2	77
PKP3	0
PKP4	10
PLA1A	257
PLA2G10	4
PLA2G12A	1395
PLA2G12B	5
PLA2G15	1360
PLA2G1B	7
PLA2G3	0
PLA2G4A	587
PLA2G6	1142
PLA2G7	329
PLA2R1	167
PLAA	1038
PLAAT1	1
PLAC8	892
PLAC8L1	46
PLAG1	828
PLAGL1	0
PLAGL2	1278
PLAT	6125
PLAU	51
PLB1	0
PLBD1	900
PLBD2	6678
PLCB1	0
PLCB2	1412
PLCB3	3977
PLCB4	0
PLCD1	65
PLCD3	24
PLCD4	0
PLCE1	22
PLCG1	443
PLCG2	2017
PLCH1	1
PLCH2	16
PLCL1	73
PLCL2	233
PLCXD1	25
PLCXD2	2
PLCXD3	0
PLCZ1	0
PLD1	155
PLD2	484
PLD3	1199
PLD4	101
PLD5	1
PLD6	7
PLEK	2025
PLEK2	31
PLEKHA1	1136
PLEKHA2	1210
PLEKHA3	1254
PLEKHA4	49
PLEKHA5	434
PLEKHA6	32
PLEKHA7	2
PLEKHA8	1723
PLEKHB1	540
PLEKHB2	4364
PLEKHD1	0
PLEKHF1	23
PLEKHF2	399
PLEKHG1	362
PLEKHG2	321
PLEKHG3	77
PLEKHG4	68
PLEKHG4B	1
PLEKHG5	93
PLEKHG7	2
PLEKHH1	2
PLEKHH2	1900
PLEKHH3	270
PLEKHJ1	1484
PLEKHM1	981
PLEKHM2	1550
PLEKHM3	463
PLEKHO1	94
PLEKHO2	2641
PLEKHS1	45
PLG	0
PLGRKT	138
PLIN2	1647
PLK1	93
PLK2	5
PLK3	1029
PLK4	57
PLK5	0
PLN	1
PLOD1	134
PLOD2	27
PLP1	1
PLPBP	808
PLPP1	96
PLPP2	2048
PLPP3	166
PLPP4	22
PLPP5	80
PLPP6	73
PLPP7	17
PLPPR1	0
PLPPR2	0
PLPPR3	15
PLPPR4	11
PLPPR5	0
PLRG1	879
PLS1	4
PLS3	4396
PLSCR5	0
PLXDC1	406
PLXDC2	0
PLXNA1	101
PLXNA2	759
PLXNA3	6
PLXNA4	0
PLXNB1	115
PLXNB2	1308
PLXNC1	1888
PLXND1	230
PM20D1	1810
PM20D2	40
PMAIP1	85
PMCH	5
PMEL	9
PMEPA1	85
PMF1	232
PMFBP1	526
PML	815
PMM1	273
PMM2	280
PMP22	4484
PMPCA	664
PMPCB	684
PMS1	571
PMS2	361
PMVK	1240
PNISR	4390
PNLDC1	45
PNMA1	0
PNMT	6
PNN	3324
PNO1	247
PNOC	0
PNPLA2	1999
PNPLA4	139
PNPLA6	46
PNPLA7	617
PNPLA8	1169
PNPO	1582
PNPT1	656
PNRC1	11829
PNRC2	3964
POC1A	115
POC1B	109
POC5	338
PODN	11
PODNL1	67
PODXL	12
PODXL2	0
POF1B	118
POFUT1	934
POFUT2	482
POGLUT1	713
POGLUT2	120
POGLUT3	21
POGZ	2374
POLA1	69
POLA2	357
POLB	1254
POLD1	596
POLD2	1378
POLD3	803
POLD4	289
POLDIP2	2462
POLDIP3	2359
POLE	79
POLE2	257
POLE3	790
POLE4	214
POLG	1029
POLG2	412
POLH	1624
POLI	1486
POLK	749
POLL	485
POLM	11
POLN	6
POLQ	82
POLR1A	1625
POLR1B	1119
POLR1C	1054
POLR1D	2633
POLR1E	966
POLR1F	226
POLR1G	330
POLR1H	151
POLR2B	2955
POLR2C	1647
POLR2D	519
POLR2E	3515
POLR2F	1127
POLR2G	422
POLR2H	708
POLR2I	326
POLR2J	771
POLR2K	370
POLR2L	360
POLR3A	1349
POLR3B	416
POLR3C	655
POLR3D	1324
POLR3E	416
POLR3F	429
POLR3G	3
POLR3GL	968
POLR3H	542
POLR3K	497
POLRMT	1036
POM121	7891
POMC	0
POMGNT1	538
POMGNT2	11
POMK	297
POMT1	1070
POMT2	1119
POP1	637
POP4	787
POP5	379
POP7	255
POPDC2	61
POPDC3	4
PORCN	67
POSTN	0
POT1	452
POU1F1	13
POU2AF1	166
POU2F1	1120
POU2F2	184
POU2F3	0
POU3F1	0
POU3F2	0
POU3F3	0
POU3F4	0
POU4F1	0
POU4F2	0
POU4F3	1
POU5F1	0
POU6F1	648
POU6F2	14
PP2D1	20
PPA1	430
PPA2	685
PPARA	424
PPARD	947
PPARG	10
PPARGC1A	0
PPARGC1B	96
PPAT	443
PPCDC	143
PPCS	202
PPDPF	9445
PPDPFL	0
PPEF1	10
PPEF2	18
PPFIA1	1210
PPFIA2	0
PPFIA3	115
PPFIA4	68
PPFIBP1	443
PPFIBP2	1
PPHLN1	509
PPIA	9266
PPIB	2184
PPIC	97
PPID	243
PPIE	232
PPIF	106
PPIG	2587
PPIH	517
PPIL1	1088
PPIL2	1845
PPIL3	425
PPIL4	3110
PPIL6	4
PPIP5K1	1236
PPIP5K2	543
PPL	63
PPM1A	3296
PPM1B	2432
PPM1D	1330
PPM1E	114
PPM1F	3427
PPM1G	2925
PPM1H	88
PPM1J	73
PPM1K	74
PPM1L	309
PPM1M	602
PPM1N	0
PPME1	1314
PPOX	6499
PPP1CA	2986
PPP1CB	1496
PPP1CC	1098
PPP1R10	1957
PPP1R11	889
PPP1R12A	1694
PPP1R12B	5325
PPP1R12C	4492
PPP1R13B	1556
PPP1R13L	39
PPP1R14A	287
PPP1R14B	185
PPP1R14C	0
PPP1R14D	2
PPP1R15A	325
PPP1R15B	1639
PPP1R16A	732
PPP1R16B	141
PPP1R17	0
PPP1R18	2990
PPP1R1A	7
PPP1R1B	0
PPP1R1C	0
PPP1R2	2528
PPP1R21	1111
PPP1R26	1342
PPP1R27	1
PPP1R32	8
PPP1R35	697
PPP1R36	78
PPP1R37	903
PPP1R3A	0
PPP1R3B	1269
PPP1R3C	2
PPP1R3D	144
PPP1R3E	90
PPP1R3F	2
PPP1R3G	0
PPP1R42	2
PPP1R7	1020
PPP1R8	551
PPP1R9A	375
PPP1R9B	996
PPP2CB	2500
PPP2R1A	5686
PPP2R2A	1131
PPP2R2B	56
PPP2R2C	8
PPP2R2D	514
PPP2R3A	226
PPP2R3B	399
PPP2R3C	457
PPP2R5A	1014
PPP2R5B	4612
PPP2R5C	976
PPP2R5D	2935
PPP2R5E	809
PPP3CA	801
PPP3CB	1995
PPP3CC	2662
PPP3R1	1766
PPP4C	1993
PPP4R1	782
PPP4R2	1213
PPP4R3A	3074
PPP4R3B	3119
PPP4R4	0
PPP6C	1494
PPP6R1	3180
PPP6R2	1468
PPP6R3	4621
PPRC1	718
PPT1	1604
PPTC7	736
PPWD1	784
PQBP1	1211
PRADC1	1045
PRAF2	585
PRAG1	193
PRAM1	73
PRAP1	0
PRC1	317
PRCC	2853
PRDM1	77
PRDM10	2384
PRDM11	2167
PRDM12	0
PRDM13	0
PRDM14	0
PRDM15	1126
PRDM16	12
PRDM2	2042
PRDM4	1176
PRDM5	0
PRDM6	0
PRDM8	0
PRDM9	6
PRDX1	1004
PRDX2	17742
PRDX3	6364
PRDX4	787
PRDX5	2446
PRDX6	4490
PREB	2781
PRELID1	2030
PRELID2	3723
PRELID3A	206
PRELID3B	641
PREPL	290
PREX1	1829
PREX2	0
PRG4	42
PRICKLE1	20
PRICKLE2	48
PRICKLE4	182
PRIM1	574
PRIM2	132
PRIMA1	0
PRIMPOL	147
PRKAA1	1564
PRKAA2	0
PRKAB1	425
PRKAB2	1978
PRKACB	1292
PRKAG1	1909
PRKAG2	66
PRKAG3	0
PRKAR1A	2886
PRKAR1B	14
PRKAR2A	3183
PRKAR2B	23
PRKCA	418
PRKCB	1118
PRKCD	223
PRKCE	23
PRKCG	112
PRKCH	159
PRKCI	828
PRKCQ	553
PRKCSH	1368
PRKCZ	923
PRKD1	14
PRKD2	994
PRKD3	2362
PRKDC	1744
PRKG1	0
PRKN	101
PRKRA	277
PRKRIP1	921
PRKX	289
PRL	1
PRLH	0
PRLHR	0
PRLR	4
PRMT1	4680
PRMT3	416
PRMT5	1533
PRMT7	767
PRMT8	0
PRMT9	1582
PRND	2
PROB1	47
PROCA1	0
PROCR	0
PRODH2	9
PROK1	0
PROK2	0
PROKR1	0
PROM1	0
PROM2	0
PRORP	208
PROS1	0
PROSER1	2486
PROSER2	47
PROSER3	305
PROX1	0
PROX2	23
PROZ	0
PRPF18	1019
PRPF19	2667
PRPF3	1703
PRPF31	1880
PRPF38A	761
PRPF38B	1359
PRPF39	895
PRPF4	1124
PRPF40A	3845
PRPF40B	601
PRPF4B	4409
PRPF6	10518
PRPF8	10562
PRPH	1
PRPH2	7
PRPS1	1276
PRPS2	2265
PRPSAP1	3952
PRPSAP2	405
PRR11	42
PRR12	4115
PRR13	6841
PRR14	1830
PRR14L	4413
PRR15	1
PRR15L	8
PRR16	0
PRR18	7
PRR22	0
PRR5	557
PRR5L	106
PRR7	43
PRRC1	1307
PRRC2A	5874
PRRC2B	7756
PRRC2C	5791
PRRG1	147
PRRG2	2
PRRG3	250
PRRG4	2
PRRT1	163
PRRT1B	1
PRRT2	10
PRRT3	1
PRRT4	1
PRRX1	0
PRRX2	4
PRSS12	0
PRSS16	2276
PRSS23	0
PRSS35	0
PRSS54	2
PRSS55	88
PRSS56	0
PRSS57	3
PRTG	0
PRUNE1	621
PRUNE2	7
PRX	7
PRXL2A	5515
PRXL2B	234
PSAT1	0
PSCA	0
PSD	11
PSD2	14
PSD3	102
PSD4	2231
PSEN1	1983
PSEN2	1458
PSENEN	1088
PSIP1	1482
PSKH1	274
PSMA1	1151
PSMA2	1404
PSMA3	1639
PSMA4	1579
PSMA5	818
PSMA6	1610
PSMA7	3412
PSMA8	2
PSMB1	2615
PSMB2	2656
PSMB3	1017
PSMB4	2217
PSMB5	1985
PSMB6	2596
PSMB7	2034
PSMB8	8049
PSMB9	2449
PSMC1	1489
PSMC2	2065
PSMC3	2288
PSMC4	1459
PSMC5	2087
PSMC6	1047
PSMD1	2057
PSMD10	327
PSMD11	1560
PSMD12	2666
PSMD13	2989
PSMD14	536
PSMD2	3756
PSMD3	4059
PSMD4	1350
PSMD5	2264
PSMD6	1492
PSMD7	1630
PSMD8	1216
PSMD9	5326
PSME1	7238
PSME2	3682
PSME3	1893
PSME3IP1	2007
PSME4	1818
PSMF1	8438
PSMG1	457
PSMG2	415
PSMG3	431
PSMG4	106
PSPC1	799
PSPH	26
PSPN	110
PSRC1	32
PSTK	103
PSTPIP1	469
PSTPIP2	862
PTAFR	1977
PTAR1	107
PTBP1	5577
PTBP2	425
PTBP3	2047
PTCD1	983
PTCD2	329
PTCD3	2105
PTCH1	14
PTCH2	1
PTCHD1	0
PTCHD4	0
PTCRA	27
PTDSS1	1728
PTDSS2	735
PTEN	1924
PTER	346
PTF1A	0
PTGDR	231
PTGDS	0
PTGER1	64
PTGER2	524
PTGER3	4
PTGER4	425
PTGES	9
PTGES2	423
PTGES3	2797
PTGES3L	1365
PTGFR	0
PTGFRN	9
PTGIR	952
PTGIS	2
PTGR1	620
PTGR2	137
PTGS1	193
PTGS2	215
PTH	1
PTH1R	1086
PTH2R	2
PTHLH	0
PTK2	1043
PTK2B	510
PTK6	1
PTK7	162
PTMA	13990
PTMS	760
PTN	0
PTP4A1	1856
PTP4A2	2178
PTP4A3	773
PTPA	2079
PTPDC1	60
PTPMT1	572
PTPN1	4822
PTPN11	3119
PTPN12	807
PTPN13	82
PTPN14	10
PTPN18	1397
PTPN2	1313
PTPN20	47
PTPN21	195
PTPN22	1695
PTPN23	5345
PTPN3	1
PTPN4	1225
PTPN6	1714
PTPN7	358
PTPN9	516
PTPRA	4884
PTPRB	13
PTPRC	5060
PTPRD	0
PTPRE	459
PTPRF	20
PTPRG	200
PTPRJ	976
PTPRK	0
PTPRM	1
PTPRN	27
PTPRN2	1
PTPRO	79
PTPRQ	0
PTPRR	0
PTPRS	33
PTPRT	0
PTPRU	230
PTPRZ1	1
PTRH1	86
PTRH2	319
PTRHD1	509
PTS	233
PTTG1	64
PTX3	8
PTX4	0
PUF60	1492
PUM1	4025
PUM2	4505
PUM3	1213
PURA	566
PURB	371
PURG	22
PUS10	1111
PUS3	624
PUS7	620
PUS7L	377
PUSL1	600
PVALB	0
PVALEF	0
PWP1	892
PWP2	518
PWWP2A	1824
PWWP2B	875
PWWP3A	1053
PXDC1	220
PXDN	14
PXDNL	0
PXK	895
PXMP2	120
PXMP4	2154
PXN	1259
PXYLP1	157
PYCR1	4654
PYCR3	317
PYGB	76
PYGL	3065
PYGM	1657
PYGO1	189
PYGO2	5970
PYM1	645
PYROXD1	889
PYROXD2	1713
PYURF	362
QARS1	2770
QDPR	678
QKI	7691
QPCT	82
QPCTL	835
QPRT	0
QRFPR	0
QRICH1	3710
QRICH2	292
QRSL1	900
QSER1	2350
QSOX1	739
QSOX2	243
QTRT1	116
QTRT2	282
R3HCC1	3586
R3HCC1L	840
R3HDM1	640
R3HDM2	4862
R3HDM4	10068
R3HDML	0
RAB10	4542
RAB11A	4666
RAB11B	2620
RAB11FIP1	451
RAB11FIP2	1351
RAB11FIP3	74
RAB11FIP4	375
RAB11FIP5	11289
RAB12	793
RAB13	59
RAB14	2656
RAB15	11
RAB17	2
RAB18	1124
RAB19	62
RAB1A	910
RAB1B	2553
RAB20	49
RAB21	2264
RAB22A	1514
RAB23	100
RAB24	1687
RAB25	29
RAB26	1
RAB27A	1165
RAB27B	18
RAB28	136
RAB29	1068
RAB2A	1092
RAB2B	1350
RAB30	34
RAB31	58
RAB32	496
RAB33A	1
RAB33B	381
RAB34	0
RAB35	1886
RAB36	0
RAB37	970
RAB38	0
RAB39A	0
RAB39B	154
RAB3A	990
RAB3B	2
RAB3C	30
RAB3D	386
RAB3GAP1	2095
RAB3GAP2	2611
RAB3IL1	1634
RAB40B	333
RAB40C	807
RAB41	1123
RAB42	0
RAB43	638
RAB44	309
RAB4A	160
RAB4B	2263
RAB5A	1516
RAB5B	2622
RAB5C	2315
RAB5IF	592
RAB6A	1975
RAB6B	3
RAB7A	2510
RAB7B	158
RAB8A	1925
RAB8B	2599
RAB9A	478
RAB9B	177
RABEP1	1479
RABEP2	2063
RABEPK	770
RABGAP1	4010
RABGAP1L	1703
RABGEF1	1906
RABGGTA	947
RABGGTB	513
RABIF	408
RABL2B	332
RABL3	380
RABL6	2077
RAC1	2361
RAC2	3980
RAC3	100
RACGAP1	80
RACK1	37141
RAD1	839
RAD17	1270
RAD18	1028
RAD21	3081
RAD21L1	0
RAD23A	4956
RAD23B	6208
RAD50	1329
RAD51	98
RAD51AP1	4019
RAD51B	43
RAD51C	438
RAD51D	410
RAD52	339
RAD54B	54
RAD54L	460
RAD54L2	1085
RAD9A	452
RAD9B	6
RADIL	344
RADX	1517
RAE1	1126
RAF1	1388
RAG1	0
RAG2	1
RAI1	520
RAI14	494
RAI2	13
RALA	915
RALB	3260
RALBP1	2807
RALGAPA1	1352
RALGAPA2	1011
RALGAPB	2838
RALGDS	403
RALGPS1	305
RALGPS2	782
RALY	0
RALYL	4
RAMAC	389
RAMP1	1
RAMP2	307
RAMP3	111
RAN	2218
RANBP1	1430
RANBP10	887
RANBP17	256
RANBP3	1136
RANBP3L	5
RANBP9	1396
RANGAP1	3016
RAP1A	1656
RAP1B	6766
RAP1GAP2	1597
RAP1GDS1	242
RAP2A	475
RAP2B	1130
RAP2C	1499
RAPGEF1	1989
RAPGEF2	130
RAPGEF3	2
RAPGEF4	7
RAPGEF5	0
RAPGEF6	796
RAPGEFL1	9
RAPH1	18
RAPSN	21
RARA	899
RARB	9
RARG	486
RARRES1	96
RARRES2	2
RARS1	850
RARS2	226
RASA1	919
RASA2	927
RASA3	3829
RASA4B	17
RASAL1	20
RASAL2	268
RASAL3	276
RASD1	9
RASD2	6
RASEF	3
RASGEF1A	376
RASGEF1B	0
RASGEF1C	0
RASGRF1	31
RASGRF2	0
RASGRP1	85
RASGRP2	4592
RASGRP3	215
RASGRP4	2451
RASIP1	1
RASL10B	256
RASL11A	7
RASL11B	29
RASL12	2
RASSF1	127
RASSF10	0
RASSF2	3104
RASSF3	2
RASSF5	628
RASSF6	3
RASSF7	4
RASSF8	43
RASSF9	0
RAVER1	3568
RAVER2	369
RAX	0
RB1	600
RB1CC1	2568
RBBP4	1867
RBBP5	1260
RBBP6	4723
RBBP7	2255
RBBP8	169
RBBP8NL	0
RBBP9	139
RBCK1	848
RBFA	420
RBFOX1	0
RBFOX2	499
RBFOX3	13
RBIS	460
RBKS	181
RBL1	1216
RBL2	2123
RBM10	5557
RBM11	22
RBM12	1369
RBM12B	886
RBM15	903
RBM15B	929
RBM17	1327
RBM18	878
RBM19	1088
RBM20	0
RBM22	2547
RBM23	8159
RBM24	1967
RBM25	8201
RBM26	2466
RBM27	1854
RBM28	697
RBM33	2720
RBM34	1261
RBM38	11229
RBM39	3217
RBM41	249
RBM42	2589
RBM43	401
RBM44	18
RBM45	446
RBM46	0
RBM47	90
RBM48	280
RBM5	13886
RBM6	2596
RBM7	908
RBM8A	1903
RBMS1	1960
RBMS2	499
RBMS3	2
RBMX	2908
RBMX2	567
RBP1	0
RBP2	0
RBP3	0
RBP4	1
RBP5	25
RBP7	0
RBPJ	939
RBPJL	0
RBPMS	3
RBPMS2	6010
RBSN	1017
RBX1	586
RC3H1	2386
RC3H2	4092
RCAN1	301
RCAN2	1368
RCAN3	186
RCBTB1	617
RCC1	628
RCC1L	671
RCC2	1883
RCCD1	420
RCE1	804
RCHY1	2319
RCL1	325
RCN1	199
RCN2	316
RCOR1	636
RCOR2	14
RCOR3	2895
RCSD1	1535
RCVRN	0
RD3	1
RD3L	0
RDH10	545
RDH14	357
RDH5	1
RDH8	0
RDM1	102
RDX	2624
REC8	19
RECK	23
RECQL	987
RECQL4	119
RECQL5	1243
REELD1	9
REEP1	2389
REEP2	21
REEP3	769
REEP4	551
REEP5	1774
REEP6	71
REG4	8
REL	276
RELA	2087
RELB	2796
RELCH	1222
RELL1	5576
RELL2	10
RELN	9
RELT	4
REM1	3
REM2	35
REN	0
REP15	15
REPS1	1500
REPS2	17
RER1	1187
RERE	3350
RERG	2
RERGL	6
RESF1	1852
REST	3775
RET	238
RETREG1	126
RETREG2	5053
RETREG3	6258
RETSAT	17
REV1	1556
REV3L	952
REX1BD	596
REXO1	4836
REXO2	714
REXO4	445
REXO5	528
RFC1	814
RFC2	698
RFC3	180
RFC4	326
RFC5	932
RFESD	387
RFFL	1375
RFK	509
RFLNA	0
RFLNB	32
RFNG	1023
RFT1	646
RFTN1	579
RFTN2	0
RFWD3	558
RFX1	3212
RFX2	589
RFX3	396
RFX4	0
RFX5	4436
RFX6	0
RFX7	1881
RFX8	0
RFXANK	375
RGCC	1
RGL1	266
RGL2	1920
RGL3	7
RGMA	0
RGMB	252
RGN	62
RGP1	1595
RGR	0
RGS1	371
RGS10	233
RGS11	43
RGS12	165
RGS13	0
RGS14	942
RGS16	0
RGS17	0
RGS18	2296
RGS19	729
RGS2	1110
RGS20	12
RGS21	0
RGS22	0
RGS3	459
RGS4	0
RGS6	3
RGS7	7
RGS8	0
RGS9	57
RGSL1	35
RHAG	17997
RHBDD1	607
RHBDD2	1006
RHBDD3	1830
RHBDF1	491
RHBDF2	1796
RHBDL1	0
RHBDL2	0
RHBDL3	0
RHBG	0
RHCG	5
RHEB	610
RHEBL1	79
RHEX	99
RHO	3
RHOA	2604
RHOB	560
RHOBTB1	0
RHOBTB2	5866
RHOBTB3	421
RHOC	1753
RHOF	362
RHOG	1053
RHOH	294
RHOJ	110
RHOQ	485
RHOT1	943
RHOT2	2197
RHOU	13
RHOV	0
RHPN1	486
RHPN2	78
RIBC1	68
RIBC2	0
RIC1	2376
RIC3	9
RIC8A	851
RIC8B	1108
RICTOR	2223
RIDA	286
RIF1	1256
RIIAD1	0
RILPL1	293
RILPL2	172
RIMBP2	0
RIMKLB	295
RIMS1	0
RIMS2	1
RIMS3	1
RIMS4	2
RIN1	52
RIN2	288
RIN3	183
RING1	2218
RINL	1564
RINT1	299
RIOK1	519
RIOK2	462
RIOK3	15218
RIOX1	215
RIOX2	1369
RIPK2	82
RIPK3	2021
RIPK4	2
RIPOR1	3956
RIPOR2	3667
RIPOR3	7878
RIPPLY1	15
RIPPLY2	2
RIPPLY3	9
RIT1	2350
RIT2	1
RLBP1	0
RLF	948
RLIM	3138
RLN3	6
RMC1	2200
RMDN1	235
RMDN2	25
RMDN3	1077
RMI1	190
RMI2	755
RMND1	200
RMND5A	1569
RMND5B	648
RNASEH1	444
RNASEH2A	326
RNASEH2B	1280
RNASEH2C	1141
RNASET2	583
RND1	206
RND2	415
RND3	7
RNF10	23403
RNF11	309
RNF111	1496
RNF114	1579
RNF115	780
RNF121	593
RNF122	46
RNF123	495
RNF125	1
RNF126	1374
RNF128	68
RNF13	580
RNF130	2200
RNF139	663
RNF14	2049
RNF141	587
RNF144A	379
RNF144B	35
RNF145	1756
RNF146	1568
RNF149	271
RNF150	39
RNF152	49
RNF157	91
RNF165	25
RNF166	2996
RNF167	1743
RNF168	1041
RNF169	1819
RNF17	0
RNF170	1586
RNF175	0
RNF180	135
RNF181	584
RNF182	0
RNF185	565
RNF186	59
RNF19A	1762
RNF19B	2254
RNF2	348
RNF20	4999
RNF207	13
RNF208	307
RNF212	0
RNF213	7737
RNF214	2175
RNF215	1373
RNF216	2786
RNF217	474
RNF222	0
RNF223	81
RNF224	0
RNF225	19
RNF227	225
RNF24	158
RNF25	865
RNF26	1868
RNF31	5623
RNF32	6
RNF34	671
RNF38	4763
RNF4	837
RNF40	5706
RNF41	1158
RNF43	0
RNF44	1787
RNF6	886
RNF7	1501
RNF8	645
RNFT1	737
RNFT2	242
RNGTT	269
RNH1	1081
RNLS	191
RNMT	1763
RNPC3	950
RNPEPL1	5490
RNPS1	1556
RO60	1065
ROBO1	0
ROBO2	0
ROBO3	7
ROBO4	3
ROCK1	5980
ROCK2	2001
ROGDI	1199
ROMO1	555
ROPN1L	17
ROR1	0
ROR2	3
RORA	10
RORB	0
RORC	78
ROS1	0
RP1	1
RP1L1	0
RP2	2422
RP9	1996
RPA1	3158
RPA2	2036
RPA3	489
RPAIN	182
RPAP1	1513
RPAP2	492
RPAP3	971
RPE	728
RPE65	0
RPF1	527
RPF2	414
RPGR	212
RPGRIP1	45
RPGRIP1L	729
RPH3A	5
RPH3AL	10
RPIA	395
RPL11	6973
RPL12	4871
RPL13	13336
RPL13A	12004
RPL14	9821
RPL15	18394
RPL17	10228
RPL18	18841
RPL18A	10253
RPL19	11887
RPL21	5654
RPL22	4900
RPL22L1	493
RPL23	6761
RPL23A	18119
RPL24	14490
RPL26L1	13050
RPL27	11413
RPL28	14861
RPL29	13336
RPL3	10967
RPL30	7268
RPL31	15275
RPL34	5414
RPL35	10497
RPL35A	12670
RPL36	5570
RPL37	4670
RPL37A	4208
RPL38	4873
RPL39	14105
RPL3L	42
RPL4	23294
RPL5	17440
RPL6	16785
RPL7	11667
RPL7A	15927
RPL7L1	1148
RPL8	9798
RPL9	9250
RPLP0	28258
RPLP1	13943
RPLP2	8290
RPN1	2309
RPN2	3276
RPP14	158
RPP21	152
RPP25	0
RPP25L	551
RPP30	384
RPP38	197
RPP40	158
RPRD1A	1321
RPRD1B	3366
RPRD2	3418
RPRM	0
RPRML	4
RPS10	21318
RPS11	13609
RPS12	11867
RPS13	8112
RPS14	10392
RPS15	12455
RPS15A	10593
RPS16	9805
RPS17	9111
RPS18	15870
RPS19	15681
RPS19BP1	569
RPS2	15978
RPS20	11582
RPS21	3007
RPS24	13918
RPS25	16203
RPS26	15286
RPS27	18601
RPS27A	8242
RPS27L	1821
RPS28	7600
RPS29	20471
RPS3	17196
RPS3A	17994
RPS4X	29828
RPS5	21369
RPS6	15909
RPS6KA1	1276
RPS6KA2	0
RPS6KA3	2190
RPS6KA4	2681
RPS6KA5	320
RPS6KA6	203
RPS6KB1	2340
RPS6KB2	3443
RPS6KC1	226
RPS6KL1	28
RPS7	9506
RPS8	11975
RPS9	8648
RPSA	28401
RPTOR	1026
RPUSD1	1200
RPUSD2	212
RPUSD3	627
RPUSD4	293
RRAD	58
RRAGC	567
RRAGD	243
RRAS	636
RRAS2	596
RRBP1	767
RREB1	2010
RRH	1
RRM1	2556
RRM2	387
RRM2B	994
RRN3	3510
RRNAD1	396
RRP12	1542
RRP15	187
RRP1B	827
RRP36	529
RRP7A	264
RRP8	492
RRP9	390
RRS1	263
RS1	0
RSAD1	22
RSAD2	427
RSBN1	2257
RSBN1L	1463
RSF1	1795
RSKR	87
RSL1D1	376
RSL24D1	456
RSPH1	0
RSPH14	0
RSPH3	116
RSPH9	2
RSPO1	9
RSPO2	0
RSPO3	0
RSPO4	0
RSPRY1	879
RSRC1	1035
RSRC2	2159
RSRP1	2550
RSU1	1337
RTBDN	0
RTCA	114
RTCB	3189
RTEL1	1667
RTF1	2126
RTF2	2063
RTKN	45
RTKN2	38
RTN1	0
RTN2	0
RTN3	3745
RTN4	1501
RTN4IP1	353
RTN4R	0
RTN4RL1	0
RTN4RL2	2
RTRAF	1298
RTTN	1172
RUBCN	2947
RUBCNL	567
RUFY1	1707
RUFY2	669
RUFY3	951
RUFY4	894
RUNDC1	5365
RUNDC3A	644
RUNDC3B	40
RUNX1	964
RUNX1T1	2501
RUNX2	780
RUNX3	137
RUSC1	689
RUSC2	17
RUSF1	1082
RUVBL1	749
RWDD1	1118
RWDD2A	19
RWDD2B	526
RWDD3	207
RWDD4	170
RXFP1	15
RXFP2	3
RXFP3	1
RXFP4	1
RXRA	296
RXRB	5790
RXRG	1
RXYLT1	75
RYK	394
RYR1	17
RYR2	0
RYR3	1
S100A1	1
S100A10	1203
S100A11	2048
S100A13	0
S100A14	0
S100A16	0
S100A6	1697
S100B	71
S100Z	0
S1PR1	360
S1PR2	195
S1PR3	2
S1PR4	1546
S1PR5	148
SAAL1	1275
SAC3D1	98
SACM1L	1036
SACS	532
SAE1	920
SAFB	5243
SAG	6
SALL1	0
SALL2	1525
SALL3	8
SALL4	4
SAMD1	137
SAMD10	0
SAMD11	213
SAMD12	58
SAMD13	2
SAMD14	0
SAMD15	22
SAMD3	44
SAMD4A	181
SAMD4B	3569
SAMD5	1
SAMD7	0
SAMD8	600
SAMHD1	499
SAMM50	1097
SAMSN1	472
SAP130	1891
SAP18	2229
SAP30	351
SAP30L	4765
SAPCD1	64
SAPCD2	0
SAR1A	1283
SAR1B	1186
SARAF	2508
SARDH	1
SARM1	65
SARS1	2062
SARS2	351
SART1	3530
SART3	5284
SASH1	49
SASH3	951
SASS6	876
SAT1	14234
SATB1	594
SATB2	0
SATL1	17
SAV1	1052
SAXO1	0
SAXO2	2
SAYSD1	2181
SBDS	2645
SBF1	6354
SBF2	734
SBK1	6
SBK3	0
SBNO1	5243
SBNO2	6159
SBSPON	3
SC5D	753
SCAF1	2240
SCAF11	3904
SCAF4	2329
SCAF8	2758
SCAI	896
SCAMP1	824
SCAMP2	2618
SCAMP4	3260
SCAMP5	1100
SCAPER	659
SCARA3	1
SCARA5	0
SCARB1	192
SCARB2	2303
SCARF1	1396
SCARF2	139
SCCPDH	983
SCD5	5
SCEL	0
SCFD1	890
SCFD2	764
SCG2	0
SCG3	24
SCGN	0
SCIN	44
SCLT1	249
SCLY	540
SCMH1	845
SCML2	84
SCML4	76
SCN1B	0
SCN2A	0
SCN2B	6
SCN3B	57
SCN4A	4
SCN4B	0
SCN8A	36
SCNM1	237
SCNN1A	4
SCNN1D	398
SCNN1G	1
SCOC	1655
SCP2	865
SCP2D1	0
SCPEP1	2544
SCRG1	0
SCRIB	4188
SCRN1	47
SCRN2	580
SCRN3	544
SCRT1	1
SCRT2	0
SCT	0
SCTR	18
SCUBE1	0
SCUBE2	2
SCUBE3	5
SCX	10
SCYL1	1431
SCYL2	1273
SCYL3	943
SDAD1	807
SDC1	3
SDC2	0
SDC3	18
SDC4	262
SDCBP2	0
SDCCAG8	231
SDE2	825
SDF2	311
SDF2L1	448
SDF4	2556
SDHA	1510
SDHAF1	87
SDHAF2	738
SDHAF3	171
SDHAF4	296
SDHB	776
SDHC	1842
SDK1	10
SDK2	15
SDR16C5	2
SDR39U1	236
SDR42E1	468
SEBOX	2
SEC11A	1471
SEC11C	865
SEC13	1173
SEC14L1	6397
SEC14L2	177
SEC14L5	120
SEC16A	3715
SEC22A	523
SEC22B	1151
SEC22C	950
SEC23A	656
SEC23B	3378
SEC24A	2117
SEC24B	1730
SEC24C	3340
SEC24D	25
SEC31A	2680
SEC31B	1706
SEC61A1	2904
SEC61A2	486
SEC61B	573
SEC61G	504
SEC62	1769
SEC63	1449
SECISBP2	1033
SECISBP2L	1923
SEL1L	2165
SEL1L2	31
SEL1L3	27
SELE	6078
SELENBP1	15286
SELENOF	811
SELENOH	1976
SELENOI	616
SELENOK	621
SELENOM	14
SELENON	147
SELENOO	7225
SELENOP	5077
SELENOS	1138
SELENOT	1030
SELPLG	1929
SEM1	560
SEMA3A	0
SEMA3B	0
SEMA3C	11
SEMA3D	1119
SEMA3E	0
SEMA3F	26
SEMA4A	1571
SEMA4B	582
SEMA4C	12
SEMA4D	167
SEMA4F	3
SEMA4G	272
SEMA5A	0
SEMA5B	2
SEMA6A	3
SEMA6B	3405
SEMA6C	3
SEMA6D	0
SEMA7A	8185
SENP1	1230
SENP2	853
SENP3	926
SENP5	432
SENP6	1818
SENP7	1488
SENP8	719
SEPHS1	449
SEPSECS	281
SEPTIN1	613
SEPTIN10	88
SEPTIN11	978
SEPTIN12	1366
SEPTIN2	1667
SEPTIN3	0
SEPTIN5	1764
SEPTIN6	1633
SEPTIN7	5128
SEPTIN8	284
SEPTIN9	2562
SERAC1	601
SERBP1	10890
SERF1A	1250
SERF2	1121
SERGEF	113
SERHL2	226
SERINC1	6681
SERINC2	305
SERINC3	1687
SERINC4	1
SERINC5	3494
SERP1	1176
SERP2	3
SERPINA10	0
SERPINB1	1177
SERPINB5	1
SERPINC1	14
SERPIND1	4
SERPINE2	59
SERPINE3	4
SERPINF1	76
SERPINF2	21
SERPING1	233
SERPINH1	20
SERPINI1	805
SERPINI2	0
SERTAD1	495
SERTAD2	1194
SERTAD3	1051
SERTAD4	0
SERTM1	1
SERTM2	0
SESN1	983
SESN2	2141
SESN3	600
SESTD1	0
SET	4530
SETBP1	607
SETD1A	6618
SETD1B	2021
SETD2	4308
SETD3	663
SETD4	734
SETD5	2353
SETD6	970
SETD7	550
SETD9	77
SETDB1	1922
SETX	4195
SEZ6	1
SEZ6L	0
SEZ6L2	7
SF1	8248
SF3A1	7538
SF3A2	2281
SF3A3	2345
SF3B1	23974
SF3B2	4382
SF3B3	2359
SF3B4	2304
SF3B5	1313
SF3B6	2140
SFI1	1276
SFMBT1	14
SFMBT2	1074
SFN	63
SFPQ	7669
SFR1	43
SFRP1	1
SFRP2	0
SFRP4	0
SFT2D1	721
SFT2D2	1488
SFT2D3	459
SFTPB	3
SFTPD	1
SFXN1	95
SFXN2	315
SFXN3	1457
SFXN4	1403
SFXN5	579
SGCA	0
SGCB	240
SGCD	41
SGCE	24
SGCG	0
SGCZ	0
SGF29	1202
SGIP1	0
SGK1	6578
SGK2	0
SGMS1	745
SGMS2	70
SGO1	187
SGO2	0
SGPL1	538
SGPP1	663
SGPP2	0
SGSH	1005
SGSM1	93
SGSM2	736
SGSM3	2192
SGTA	1950
SGTB	8
SH2B1	2035
SH2B2	33
SH2B3	11924
SH2D1A	562
SH2D1B	24
SH2D2A	62
SH2D3A	1
SH2D3C	149
SH2D4A	309
SH2D4B	0
SH2D6	2
SH2D7	6
SH3BGRL	2071
SH3BGRL2	0
SH3BGRL3	3876
SH3BP1	765
SH3BP2	132
SH3BP4	229
SH3BP5	800
SH3BP5L	1973
SH3D19	322
SH3D21	56
SH3GL1	2297
SH3GL2	0
SH3GL3	599
SH3GLB1	1225
SH3GLB2	1732
SH3KBP1	536
SH3PXD2A	6
SH3PXD2B	124
SH3RF1	64
SH3RF2	0
SH3RF3	18
SH3TC1	0
SH3TC2	11
SH3YL1	2
SHANK1	0
SHANK2	1
SHANK3	341
SHARPIN	1240
SHB	40
SHBG	22
SHC1	2737
SHC2	13
SHC3	0
SHC4	30
SHCBP1	58
SHCBP1L	0
SHD	38
SHE	679
SHF	25
SHFL	1751
SHH	1
SHISA2	28
SHISA3	1
SHISA4	0
SHISA5	2817
SHISA6	0
SHISA7	0
SHISA8	0
SHISA9	1
SHISAL1	0
SHISAL2A	1
SHKBP1	1863
SHLD1	361
SHLD2	1589
SHLD3	167
SHMT1	49
SHMT2	2146
SHOC1	0
SHOC2	1696
SHOX	0
SHOX2	0
SHPK	114
SHPRH	951
SHQ1	215
SHROOM1	0
SHROOM2	97
SHROOM3	557
SHROOM4	228
SHTN1	43
SI	93
SIAE	58
SIAH1	640
SIAH2	144
SIAH3	0
SIDT1	2
SIDT2	1949
SIGIRR	1
SIGLEC1	791
SIGLEC15	0
SIGMAR1	800
SIK1	294
SIK2	2919
SIK3	2332
SIKE1	1252
SIL1	360
SIM1	0
SIM2	8
SIMC1	1333
SIN3A	3377
SIN3B	2026
SINHCAF	186
SIPA1	1715
SIPA1L1	398
SIPA1L2	91
SIPA1L3	1570
SIRT1	1299
SIRT2	2538
SIRT3	332
SIRT4	44
SIRT5	1191
SIRT6	358
SIRT7	529
SIT1	22
SIVA1	645
SIX1	0
SIX2	0
SIX3	0
SIX4	21
SIX5	452
SIX6	0
SKA1	43
SKA2	151
SKA3	21
SKAP1	88
SKAP2	1142
SKI	572
SKIDA1	217
SKIL	517
SKOR1	9
SKOR2	1
SKP1	1909
SKP2	370
SLA	3296
SLA2	142
SLAIN1	0
SLAIN2	1011
SLAMF1	140
SLAMF8	31
SLC10A1	3
SLC10A2	0
SLC10A3	281
SLC10A4	1178
SLC10A7	376
SLC11A1	1057
SLC11A2	2313
SLC12A1	1
SLC12A2	306
SLC12A3	0
SLC12A4	146
SLC12A5	3
SLC12A6	4589
SLC12A7	11
SLC12A8	17
SLC12A9	1621
SLC13A1	0
SLC13A2	1
SLC13A3	0
SLC13A4	10
SLC13A5	0
SLC15A1	0
SLC15A2	0
SLC15A3	356
SLC15A4	724
SLC15A5	0
SLC16A1	2113
SLC16A10	63
SLC16A12	1
SLC16A13	332
SLC16A14	6
SLC16A2	690
SLC16A3	162
SLC16A4	104
SLC16A5	106
SLC16A6	96
SLC16A7	0
SLC16A8	7
SLC16A9	635
SLC17A5	905
SLC17A6	0
SLC17A7	0
SLC17A8	1
SLC17A9	1
SLC18A1	0
SLC18A2	2253
SLC18A3	0
SLC19A1	1501
SLC19A2	47
SLC1A1	1
SLC1A2	4
SLC1A3	5
SLC1A4	7256
SLC1A5	1446
SLC1A7	2
SLC20A1	3710
SLC20A2	381
SLC22A15	759
SLC22A16	260
SLC22A18	469
SLC22A2	0
SLC22A23	145
SLC22A3	2
SLC22A31	3775
SLC22A4	533
SLC23A1	27
SLC23A2	1294
SLC23A3	250
SLC24A1	2
SLC24A2	0
SLC24A3	884
SLC24A5	54
SLC25A1	7977
SLC25A10	901
SLC25A11	960
SLC25A12	387
SLC25A13	204
SLC25A14	631
SLC25A15	119
SLC25A16	539
SLC25A17	474
SLC25A18	3
SLC25A19	523
SLC25A20	597
SLC25A21	1524
SLC25A22	142
SLC25A23	289
SLC25A24	1581
SLC25A25	384
SLC25A26	337
SLC25A27	9
SLC25A28	1761
SLC25A29	792
SLC25A3	2525
SLC25A30	761
SLC25A31	0
SLC25A32	299
SLC25A33	158
SLC25A34	10
SLC25A36	995
SLC25A37	22942
SLC25A38	1306
SLC25A39	5892
SLC25A4	0
SLC25A40	39
SLC25A42	284
SLC25A43	277
SLC25A44	1046
SLC25A45	533
SLC25A46	688
SLC25A47	8
SLC25A48	0
SLC25A5	1652
SLC25A51	1995
SLC25A53	11
SLC25A6	3960
SLC26A1	594
SLC26A11	670
SLC26A2	29
SLC26A3	19
SLC26A4	24
SLC26A5	1064
SLC26A7	130
SLC26A8	57
SLC26A9	0
SLC27A1	472
SLC27A2	9
SLC27A3	291
SLC27A4	878
SLC27A5	0
SLC27A6	0
SLC28A3	0
SLC29A1	12407
SLC29A2	700
SLC29A3	393
SLC29A4	8327
SLC2A1	130
SLC2A10	2
SLC2A12	6
SLC2A13	91
SLC2A2	3
SLC2A4	6
SLC2A4RG	1302
SLC2A6	352
SLC2A8	544
SLC2A9	24
SLC30A1	1507
SLC30A10	0
SLC30A2	1
SLC30A3	1
SLC30A4	1002
SLC30A5	831
SLC30A6	248
SLC30A7	1112
SLC30A8	0
SLC30A9	1139
SLC31A1	527
SLC31A2	117
SLC32A1	0
SLC33A1	565
SLC34A2	0
SLC35A1	252
SLC35A2	401
SLC35A3	305
SLC35A4	2044
SLC35A5	420
SLC35B1	1588
SLC35B2	2100
SLC35B3	433
SLC35B4	868
SLC35C1	538
SLC35C2	741
SLC35D1	833
SLC35D2	87
SLC35D3	0
SLC35E1	954
SLC35E2A	1144
SLC35E3	601
SLC35E4	9
SLC35F1	0
SLC35F2	1
SLC35F3	0
SLC35F4	0
SLC35F5	1574
SLC35F6	263
SLC35G1	13
SLC35G2	0
SLC36A4	8
SLC37A1	121
SLC37A2	170
SLC37A3	582
SLC37A4	520
SLC38A1	38
SLC38A10	5904
SLC38A11	0
SLC38A2	3001
SLC38A3	0
SLC38A4	33
SLC38A5	11113
SLC38A6	423
SLC38A7	225
SLC38A8	327
SLC38A9	343
SLC39A1	1063
SLC39A10	692
SLC39A11	674
SLC39A12	1
SLC39A13	1448
SLC39A14	1885
SLC39A2	903
SLC39A3	949
SLC39A4	26
SLC39A5	4
SLC39A6	977
SLC39A7	3607
SLC39A8	27
SLC39A9	916
SLC3A1	0
SLC3A2	3693
SLC40A1	58867
SLC41A1	800
SLC41A2	47
SLC41A3	86
SLC43A1	94
SLC43A2	508
SLC43A3	345
SLC44A1	710
SLC44A2	10010
SLC44A3	2
SLC44A5	4838
SLC45A1	62
SLC45A2	1
SLC45A3	32
SLC45A4	3715
SLC46A1	2833
SLC46A2	174
SLC46A3	6777
SLC48A1	2701
SLC49A3	199
SLC49A4	349
SLC4A1	121930
SLC4A10	5
SLC4A11	764
SLC4A2	1189
SLC4A3	449
SLC4A4	70
SLC4A5	4
SLC4A7	886
SLC4A8	3
SLC4A9	0
SLC50A1	669
SLC51A	472
SLC51B	3
SLC52A2	541
SLC52A3	0
SLC5A1	1
SLC5A10	13
SLC5A11	5
SLC5A12	0
SLC5A2	1
SLC5A3	315
SLC5A5	3
SLC5A6	978
SLC5A7	0
SLC5A8	0
SLC5A9	0
SLC66A1	692
SLC66A2	515
SLC66A3	341
SLC6A1	0
SLC6A11	0
SLC6A13	30
SLC6A14	15
SLC6A15	56
SLC6A16	1693
SLC6A17	0
SLC6A19	0
SLC6A2	0
SLC6A20	32
SLC6A4	270
SLC6A5	0
SLC6A6	31264
SLC6A7	0
SLC6A9	3938
SLC7A1	756
SLC7A10	0
SLC7A11	300
SLC7A13	0
SLC7A14	0
SLC7A2	0
SLC7A3	1363
SLC7A4	42
SLC7A5	1264
SLC7A6	68
SLC7A6OS	656
SLC7A7	4246
SLC7A8	424
SLC7A9	2
SLC8A1	46
SLC8A2	35
SLC8A3	1
SLC8B1	139
SLC9A1	5412
SLC9A2	2
SLC9A3	0
SLC9A3R1	1288
SLC9A3R2	3897
SLC9A4	0
SLC9A5	47
SLC9A6	1079
SLC9A7	371
SLC9A8	250
SLC9A9	264
SLC9B2	212
SLCO1B3	0
SLCO2A1	6
SLCO2B1	37
SLCO3A1	268
SLCO4A1	204
SLCO4C1	73
SLCO5A1	1
SLF1	103
SLF2	2169
SLFNL1	0
SLIT1	0
SLIT2	0
SLIT3	360
SLITRK1	0
SLITRK2	1
SLITRK3	0
SLITRK4	0
SLITRK5	0
SLITRK6	0
SLK	3556
SLN	0
SLTM	3845
SLU7	2635
SLX1A	921
SLX4	947
SMAD1	80
SMAD2	945
SMAD3	202
SMAD4	2152
SMAD5	827
SMAD6	1
SMAD7	40
SMAD9	4
SMAP1	302
SMAP2	4749
SMARCA1	2070
SMARCA2	3515
SMARCA4	383
SMARCA5	1234
SMARCAD1	1173
SMARCAL1	2186
SMARCB1	814
SMARCC1	3029
SMARCC2	3232
SMARCD1	1000
SMARCD2	6970
SMARCD3	140
SMARCE1	2495
SMC1A	8511
SMC1B	3
SMC2	304
SMC3	4340
SMC4	627
SMC5	860
SMC6	1064
SMCHD1	3389
SMCO1	58
SMCO3	140
SMCR8	1957
SMDT1	439
SMG1	5778
SMG5	3966
SMG6	2601
SMG7	3104
SMG8	977
SMG9	2390
SMIM1	47
SMIM11A	386
SMIM12	1350
SMIM13	352
SMIM14	27
SMIM15	528
SMIM18	1
SMIM19	159
SMIM20	473
SMIM22	295
SMIM24	0
SMIM26	547
SMIM27	969
SMIM28	0
SMIM29	1570
SMIM3	740
SMIM30	712
SMIM32	1
SMIM33	11
SMIM4	1396
SMIM5	327
SMIM7	2000
SMIM8	617
SMKR1	45
SMLR1	0
SMNDC1	1986
SMO	4
SMOC1	0
SMOC2	1
SMOX	362
SMPD1	2478
SMPD2	525
SMPD3	12
SMPD4	1836
SMPDL3A	55
SMPDL3B	142
SMPX	0
SMS	1322
SMTN	1656
SMTNL1	208
SMTNL2	3247
SMU1	2670
SMUG1	230
SMURF1	1187
SMURF2	1221
SMYD1	0
SMYD2	11
SMYD3	37
SMYD4	890
SMYD5	706
SNAI1	53
SNAI2	0
SNAI3	15
SNAP23	3603
SNAP25	0
SNAP29	2509
SNAP47	548
SNAP91	0
SNAPC1	558
SNAPC2	891
SNAPC3	581
SNAPC4	1959
SNAPC5	923
SNAPIN	540
SNCA	0
SNCB	0
SNCG	4
SND1	2913
SNED1	18
SNF8	1494
SNIP1	1697
SNN	1399
SNORC	0
SNPH	2
SNRK	861
SNRNP200	11402
SNRNP25	478
SNRNP27	862
SNRNP35	888
SNRNP40	1694
SNRNP48	573
SNRNP70	7360
SNRPA	1420
SNRPA1	1072
SNRPB	1544
SNRPB2	749
SNRPC	838
SNRPD1	1242
SNRPD2	1411
SNRPD3	729
SNRPE	1580
SNRPF	577
SNRPG	766
SNTA1	127
SNTB1	224
SNTB2	360
SNTG1	0
SNTG2	0
SNTN	0
SNU13	1723
SNUPN	368
SNW1	3252
SNX1	2028
SNX10	200
SNX11	481
SNX12	2601
SNX13	1478
SNX14	1181
SNX15	200
SNX16	270
SNX17	2921
SNX18	510
SNX19	672
SNX2	1327
SNX20	79
SNX21	108
SNX22	11
SNX24	65
SNX25	157
SNX27	553
SNX29	286
SNX3	1268
SNX30	433
SNX31	54
SNX32	796
SNX33	102
SNX4	1925
SNX5	1963
SNX6	481
SNX7	80
SNX8	612
SNX9	1359
SOAT1	1047
SOAT2	4
SOCS1	117
SOCS2	192
SOCS3	524
SOCS4	429
SOCS5	327
SOCS6	809
SOCS7	5264
SOD1	7197
SOD2	1691
SOD3	0
SOGA1	2357
SOGA3	0
SON	18793
SORBS1	388
SORBS2	0
SORBS3	2243
SORCS1	0
SORCS2	2
SORCS3	0
SORD	337
SORL1	1549
SORT1	6759
SOS1	2958
SOS2	2766
SOST	0
SOSTDC1	0
SOWAHA	1
SOWAHB	0
SOWAHC	10
SOWAHD	84
SOX1	0
SOX10	2
SOX11	0
SOX12	12
SOX13	202
SOX14	0
SOX18	6
SOX2	0
SOX21	19
SOX3	0
SOX30	81
SOX4	295
SOX5	3
SOX6	3399
SOX7	130
SOX8	28
SOX9	1
SP1	6123
SP2	2756
SP3	3087
SP4	1716
SP5	0
SP6	0
SP7	6
SP8	0
SP9	0
SPA17	23
SPACA1	0
SPACA5B	5
SPACA9	103
SPAG1	1577
SPAG16	0
SPAG17	1
SPAG6	6
SPAG7	3303
SPAG8	2
SPAG9	2641
SPARC	3
SPARCL1	0
SPART	314
SPAST	1604
SPATA1	81
SPATA13	61
SPATA16	0
SPATA17	0
SPATA18	0
SPATA19	0
SPATA2	621
SPATA20	543
SPATA22	0
SPATA24	240
SPATA25	192
SPATA2L	521
SPATA4	68
SPATA46	0
SPATA48	0
SPATA5	131
SPATA5L1	417
SPATA6	43
SPATA6L	4
SPATA7	38
SPATA9	13
SPATC1	0
SPATS1	0
SPATS2	689
SPATS2L	11
SPC24	92
SPC25	46
SPCS1	1025
SPCS2	923
SPCS3	1170
SPDEF	4
SPDL1	68
SPDYA	8
SPDYC	10
SPECC1	909
SPECC1L	2753
SPEF1	34
SPEF2	27
SPEG	0
SPEGNB	0
SPEN	3514
SPG11	2032
SPG21	1040
SPG7	3824
SPHK1	11911
SPHK2	3703
SPI1	633
SPIC	0
SPICE1	981
SPIDR	285
SPIN1	1259
SPINDOC	260
SPINK1	0
SPINK2	313
SPINK4	16
SPINT1	5
SPINT2	584
SPINT4	0
SPIRE1	211
SPIRE2	1
SPN	2668
SPNS2	54
SPNS3	129
SPO11	0
SPOCD1	2
SPOCK1	417
SPOCK2	38
SPOCK3	3
SPON1	1
SPON2	2
SPOPL	1438
SPOUT1	572
SPP1	5
SPP2	0
SPPL2A	3230
SPPL2B	1108
SPPL3	1417
SPR	0
SPRED1	718
SPRED2	226
SPRED3	0
SPRING1	644
SPRN	2
SPRTN	1729
SPRY1	71
SPRY2	195
SPRY3	1558
SPRY4	0
SPRYD3	2690
SPRYD4	248
SPRYD7	654
SPSB3	387
SPSB4	2
SPTAN1	20896
SPTB	21888
SPTBN1	760
SPTBN2	1
SPTBN4	66
SPTBN5	27
SPTLC1	1036
SPTLC2	2029
SPTLC3	0
SPTSSA	524
SPTSSB	1
SPTY2D1	2335
SPX	0
SQLE	195
SQOR	5535
SQSTM1	9907
SRA1	338
SRBD1	459
SRC	672
SRCIN1	24
SRD5A1	12
SRD5A2	0
SRD5A3	591
SREBF1	3852
SREBF2	9999
SREK1	2130
SREK1IP1	923
SRF	5374
SRFBP1	1131
SRGAP1	228
SRGAP2	409
SRGAP3	71
SRGN	1638
SRI	2318
SRL	37
SRM	5558
SRMS	0
SRP14	562
SRP19	730
SRP54	1232
SRP68	1585
SRP72	1724
SRP9	406
SRPK1	4044
SRPK2	302
SRPRA	5048
SRPX	1
SRPX2	9
SRR	450
SRRD	463
SRRM1	9029
SRRM2	11834
SRRM3	0
SRRM4	0
SRRT	7735
SRSF1	6629
SRSF10	1800
SRSF11	2686
SRSF2	4347
SRSF3	3669
SRSF4	3212
SRSF5	13496
SRSF6	2726
SRSF9	893
SRXN1	429
SS18	884
SS18L1	9
SS18L2	781
SSB	1585
SSBP1	598
SSBP2	841
SSBP3	3164
SSBP4	126
SSC4D	0
SSH1	259
SSH2	8217
SSH3	1949
SSMEM1	0
SSNA1	637
SSPN	3
SSPOP	47
SSR1	2072
SSR2	2423
SSR3	804
SSR4	830
SSRP1	5157
SST	1
SSTR1	0
SSTR2	0
SSTR3	4
SSTR4	0
SSTR5	0
SSU72	506
SSUH2	0
ST13	7319
ST14	1285
ST18	15
ST3GAL1	25
ST3GAL2	238
ST3GAL3	50
ST3GAL4	4665
ST3GAL5	96
ST3GAL6	3224
ST6GAL1	3913
ST6GAL2	2
ST6GALNAC1	14
ST6GALNAC2	25
ST6GALNAC3	0
ST6GALNAC4	3212
ST6GALNAC5	37
ST6GALNAC6	3
ST7	108
ST7L	534
ST8SIA1	0
ST8SIA2	5
ST8SIA3	0
ST8SIA4	3587
ST8SIA5	0
ST8SIA6	10
STAB1	2354
STAB2	1383
STAC	0
STAC2	0
STAC3	5
STAG1	1259
STAG2	7452
STAG3	53
STAM	525
STAM2	2398
STAMBPL1	136
STAP1	3
STAP2	0
STAR	10
STARD10	162
STARD13	88
STARD3	1095
STARD3NL	470
STARD4	44
STARD5	343
STARD7	3293
STARD8	476
STARD9	75
STAT1	8357
STAT2	7267
STAT3	9729
STAT4	232
STAT6	4421
STAU1	2188
STAU2	669
STBD1	266
STC1	149
STC2	1
STEAP1	158
STEAP2	37
STEAP3	4809
STEAP4	672
STIL	669
STIM1	5365
STIM2	296
STIMATE	91
STING1	111
STIP1	1848
STK10	2852
STK11	4326
STK16	511
STK17A	659
STK17B	222
STK24	739
STK25	1201
STK26	15658
STK3	566
STK31	2
STK32A	0
STK32B	0
STK32C	1
STK33	0
STK35	1909
STK36	2447
STK38	4488
STK38L	223
STK39	76
STK4	7718
STK40	1407
STKLD1	25
STMN1	205
STMN2	0
STMN3	430
STMN4	0
STMND1	0
STMP1	463
STN1	489
STOM	248
STOML1	6
STOML2	1708
STOML3	0
STON1	88
STON2	2729
STOX1	75
STOX2	1
STPG1	14
STPG2	0
STPG3	1
STPG4	0
STRA6	0
STRA8	0
STRADA	539
STRADB	279
STRC	2
STRIP1	2328
STRIP2	314
STRIT1	0
STRN	1440
STRN3	1361
STRN4	2767
STS	95
STT3A	3906
STT3B	1778
STUB1	2387
STUM	24
STX10	605
STX11	2712
STX12	612
STX16	1228
STX17	1232
STX18	494
STX19	3
STX1A	14
STX1B	1
STX2	5
STX3	4455
STX4	4839
STX5	1182
STX6	802
STX7	1100
STX8	900
STXBP1	53
STXBP3	1389
STXBP4	460
STXBP5	1640
STXBP5L	6
STXBP6	4
STYK1	6
STYX	493
STYXL1	59
STYXL2	0
SUB1	1140
SUCLA2	339
SUCLG1	912
SUCLG2	429
SUCNR1	54
SUCO	984
SUDS3	1231
SUFU	856
SUGCT	72
SUGP1	1841
SUGP2	3169
SUGT1	1407
SULF1	1
SULF2	515
SULT1C4	1
SULT2A1	143
SULT4A1	0
SUMF1	938
SUMF2	102
SUMO1	1232
SUMO2	3835
SUN1	3171
SUN2	3005
SUN3	0
SUPT16H	6502
SUPT20H	1847
SUPT3H	409
SUPT4H1	731
SUPT5H	7932
SUPT6H	6591
SUPT7L	487
SUPV3L1	576
SURF2	1496
SURF4	727
SURF6	249
SUSD1	2325
SUSD3	264
SUSD4	0
SUSD5	0
SUSD6	2898
SUV39H1	28
SUV39H2	305
SUZ12	1246
SV2A	0
SV2B	2
SV2C	0
SVEP1	3
SVIL	746
SVOPL	0
SWAP70	660
SWI5	375
SWSAP1	993
SWT1	1191
SYAP1	786
SYBU	1
SYCE2	48
SYCE3	0
SYCN	0
SYCP1	3
SYCP2	14
SYCP2L	0
SYCP3	39
SYDE1	202
SYDE2	1
SYF2	2084
SYK	1052
SYMPK	3418
SYN2	0
SYN3	56
SYNC	0
SYNDIG1	0
SYNDIG1L	1
SYNE1	1622
SYNE2	178
SYNE3	616
SYNGAP1	4
SYNGR1	0
SYNGR2	1648
SYNGR3	476
SYNGR4	19
SYNJ1	2219
SYNJ2	250
SYNM	25821
SYNPO	51
SYNPO2	0
SYNPO2L	0
SYNPR	2
SYNRG	1453
SYPL1	0
SYPL2	864
SYS1	229
SYT1	0
SYT10	0
SYT11	1286
SYT12	9
SYT13	1
SYT14	0
SYT16	21
SYT17	14
SYT2	18
SYT3	0
SYT4	0
SYT5	217
SYT6	0
SYT7	0
SYT8	0
SYT9	0
SYTL1	205
SYTL2	84
SYTL3	776
SYTL4	3019
SYTL5	2
SYVN1	3012
SZRD1	731
SZT2	6018
TAAR1	0
TAAR5	0
TAB1	878
TAB2	1868
TAB3	2566
TAC1	0
TAC3	0
TACC1	939
TACC2	99
TACC3	4375
TACR2	0
TACR3	2
TADA1	1158
TADA2A	53
TADA2B	539
TADA3	1883
TAF1	3061
TAF10	1728
TAF11	600
TAF12	1287
TAF13	1576
TAF15	1590
TAF1A	1185
TAF1B	208
TAF1C	1123
TAF1D	691
TAF2	2132
TAF3	4898
TAF4	644
TAF4B	8
TAF5	933
TAF5L	501
TAF6L	319
TAF7L	1475
TAF8	1375
TAFA1	0
TAFA2	0
TAFA3	8
TAFA4	0
TAFA5	2
TAGLN	2
TAGLN2	11438
TAGLN3	0
TAL1	15638
TAL2	81
TALDO1	1966
TAMALIN	827
TAMM41	511
TANC1	1638
TANC2	143
TANGO2	1637
TANGO6	611
TANK	507
TAOK1	1717
TAOK2	11269
TAOK3	4000
TAP1	6568
TAP2	2616
TAPT1	2761
TARBP1	1318
TARBP2	663
TARS1	1014
TARS2	859
TARS3	692
TAS1R1	27
TAS1R2	1
TAS1R3	0
TASL	14
TASOR	2403
TASOR2	2110
TASP1	342
TAT	0
TATDN1	263
TATDN2	1327
TAX1BP1	2859
TAX1BP3	631
TBATA	0
TBC1D1	948
TBC1D10A	1423
TBC1D10B	1226
TBC1D10C	327
TBC1D12	122
TBC1D13	1586
TBC1D14	3479
TBC1D15	1641
TBC1D16	1318
TBC1D17	3121
TBC1D19	75
TBC1D2	130
TBC1D20	802
TBC1D21	0
TBC1D22A	691
TBC1D22B	3636
TBC1D23	1019
TBC1D24	955
TBC1D25	3865
TBC1D2B	123
TBC1D30	13
TBC1D31	1158
TBC1D32	81
TBC1D4	227
TBC1D5	608
TBC1D8	68
TBC1D8B	2338
TBC1D9	27
TBC1D9B	2509
TBCA	786
TBCB	840
TBCC	2772
TBCCD1	507
TBCD	441
TBCE	1178
TBCK	654
TBK1	1633
TBKBP1	243
TBL1X	693
TBL1XR1	1694
TBL2	1062
TBL3	460
TBPL1	737
TBPL2	0
TBR1	0
TBRG1	1113
TBRG4	1534
TBX1	6
TBX10	0
TBX15	0
TBX18	0
TBX19	152
TBX2	3
TBX20	0
TBX21	336
TBX22	0
TBX3	0
TBX4	0
TBX5	0
TBX6	2
TBXA2R	14
TBXAS1	2547
TBXT	0
TC2N	15
TCAIM	99
TCEA1	685
TCEA2	509
TCEA3	2982
TCEANC	1093
TCEANC2	500
TCERG1	2694
TCERG1L	0
TCF12	2001
TCF15	1
TCF19	497
TCF20	1997
TCF21	0
TCF23	295
TCF24	3
TCF25	3404
TCF3	10576
TCF4	597
TCF7	576
TCF7L1	73
TCF7L2	405
TCFL5	7
TCIM	1
TCIRG1	887
TCN2	120
TCOF1	2295
TCP1	1597
TCP11	86
TCP11L1	219
TCP11L2	801
TCTA	848
TCTE1	0
TCTN1	229
TCTN2	444
TCTN3	145
TDG	840
TDO2	0
TDP1	173
TDP2	785
TDRD1	1
TDRD10	23
TDRD12	34
TDRD15	0
TDRD3	1001
TDRD5	15
TDRD6	2
TDRD7	339
TDRD9	0
TDRKH	248
TEAD1	3
TEAD3	0
TEAD4	0
TEC	861
TECPR1	1834
TECPR2	1208
TECR	825
TECRL	0
TECTB	0
TEDC1	403
TEDC2	365
TEF	695
TEFM	278
TEK	1931
TEKT1	2
TEKT2	4
TEKT3	36
TEKT4	0
TEKT5	3
TELO2	660
TEN1	512
TENM1	5
TENM2	0
TENM3	1
TENM4	3
TENT2	513
TENT4A	736
TENT4B	535
TENT5A	172
TENT5B	324
TENT5C	123
TENT5D	0
TEP1	755
TEPSIN	749
TERB1	0
TERB2	0
TERF1	88
TERF2	912
TERT	275
TES	481
TESC	438
TESK1	249
TESK2	3842
TESMIN	0
TESPA1	3892
TET1	496
TET2	2058
TET3	2743
TEX10	1132
TEX11	30
TEX14	76
TEX15	222
TEX2	825
TEX26	112
TEX261	2055
TEX264	273
TEX30	918
TEX33	4
TEX36	0
TEX38	1
TEX43	4
TEX45	512
TEX47	13
TEX49	3
TEX52	1
TEX55	0
TEX9	88
TFAM	447
TFAP2A	4
TFAP2B	0
TFAP2C	2
TFAP2D	0
TFAP2E	0
TFAP4	1094
TFB1M	676
TFB2M	552
TFCP2	4373
TFCP2L1	0
TFDP1	1672
TFDP2	474
TFE3	5266
TFEB	919
TFEC	60
TFG	1153
TFIP11	1728
TFPI	3596
TFPI2	0
TFPT	1017
TFR2	4515
TFRC	26798
TG	59
TGDS	868
TGFA	2
TGFB1	803
TGFB1I1	1781
TGFB2	315
TGFB3	1
TGFBI	4140
TGFBR1	1932
TGFBR2	1260
TGFBR3	104
TGFBRAP1	605
TGIF1	34
TGIF2	6
TGM1	578
TGM2	1279
TGM4	131
TGM5	11
TGOLN2	2516
TGS1	669
TH	0
THADA	253
THAP1	201
THAP11	798
THAP12	826
THAP2	361
THAP3	304
THAP4	517
THAP5	352
THAP6	343
THAP7	620
THAP8	2608
THAP9	720
THBD	5
THBS1	107378
THBS2	0
THBS3	0
THBS4	9
THEG	0
THEGL	3
THEM6	331
THEMIS	73
THEMIS2	2592
THG1L	1218
THNSL1	216
THNSL2	0
THOC1	940
THOC2	3245
THOC3	871
THOC5	2433
THOC6	354
THOC7	865
THOP1	3608
THPO	33
THRA	1336
THRAP3	9049
THRB	65
THSD1	4
THSD4	0
THSD7A	0
THSD7B	0
THUMPD1	743
THUMPD2	351
THUMPD3	775
THY1	1
THYN1	1107
TIA1	4105
TIAL1	2577
TIAM1	745
TIAM2	3
TICAM1	270
TICAM2	403
TICRR	559
TIE1	85
TIFA	161
TIGAR	69
TIGD3	29
TIGD4	45
TIGD5	665
TIGIT	178
TIMELESS	1387
TIMM10	379
TIMM10B	513
TIMM13	1219
TIMM17A	536
TIMM17B	1512
TIMM21	515
TIMM22	405
TIMM23B	519
TIMM29	209
TIMM44	578
TIMM50	1236
TIMM8A	120
TIMM8B	261
TIMM9	131
TIMMDC1	491
TIMP2	5282
TIMP3	16800
TIMP4	1
TINAGL1	342
TINF2	852
TIPIN	579
TIPRL	1303
TJAP1	1455
TJP1	1609
TJP2	725
TJP3	2
TK1	522
TK2	872
TKFC	1660
TKT	2823
TLCD1	95
TLCD2	829
TLCD3A	33
TLCD3B	0
TLCD4	0
TLDC2	0
TLE1	443
TLE2	44
TLE3	2138
TLE5	2066
TLK1	684
TLK2	1522
TLL1	0
TLL2	2
TLN1	42526
TLN2	448
TLNRD1	450
TLR2	168
TLR3	85
TLR4	132
TLR5	197
TLR7	42
TLR8	83
TLX1	0
TLX2	0
TLX3	0
TM2D1	1093
TM2D2	322
TM2D3	932
TM4SF1	0
TM4SF18	11
TM4SF19	11
TM4SF4	0
TM4SF5	0
TM6SF1	13
TM6SF2	457
TM7SF2	353
TM7SF3	1953
TM9SF1	2076
TM9SF2	3637
TM9SF3	2027
TM9SF4	1386
TMA16	481
TMBIM1	6368
TMBIM4	1645
TMBIM6	10685
TMC1	0
TMC2	0
TMC3	4
TMC4	30
TMC5	629
TMC6	1225
TMC7	648
TMCC1	553
TMCC2	324
TMCC3	464
TMCO1	745
TMCO3	651
TMCO4	502
TMCO6	686
TMED1	2468
TMED10	3804
TMED2	1898
TMED3	368
TMED4	4382
TMED5	455
TMED6	150
TMED7	2352
TMED8	817
TMED9	1350
TMEFF1	0
TMEFF2	0
TMEM100	0
TMEM101	516
TMEM102	0
TMEM104	596
TMEM106A	405
TMEM106B	3217
TMEM106C	797
TMEM107	87
TMEM108	4
TMEM109	914
TMEM11	441
TMEM114	0
TMEM115	2056
TMEM116	8
TMEM117	1
TMEM119	135
TMEM120A	3121
TMEM120B	34
TMEM121B	3
TMEM123	1544
TMEM125	2
TMEM126A	383
TMEM127	2362
TMEM128	1027
TMEM129	1846
TMEM130	11
TMEM131	3401
TMEM131L	3653
TMEM132A	38
TMEM132B	0
TMEM132C	0
TMEM132E	2
TMEM135	343
TMEM138	927
TMEM139	5
TMEM140	1348
TMEM141	112
TMEM143	588
TMEM144	121
TMEM145	6
TMEM147	459
TMEM14A	1822
TMEM150A	772
TMEM150B	0
TMEM150C	191
TMEM151A	0
TMEM151B	0
TMEM154	88
TMEM156	108
TMEM158	147
TMEM159	5598
TMEM160	955
TMEM161A	1191
TMEM161B	1726
TMEM163	0
TMEM164	737
TMEM165	946
TMEM167A	275
TMEM167B	819
TMEM168	561
TMEM169	10
TMEM17	5
TMEM170A	2506
TMEM170B	311
TMEM171	51
TMEM174	0
TMEM175	330
TMEM177	58
TMEM178A	6
TMEM178B	0
TMEM179	0
TMEM179B	328
TMEM181	2246
TMEM182	7
TMEM183A	2211
TMEM184A	8
TMEM184B	1067
TMEM184C	1052
TMEM185A	505
TMEM186	624
TMEM19	1376
TMEM192	261
TMEM196	0
TMEM198	1
TMEM199	550
TMEM200A	1
TMEM200B	1
TMEM200C	0
TMEM201	242
TMEM203	769
TMEM204	78
TMEM205	5677
TMEM207	0
TMEM208	599
TMEM209	509
TMEM211	0
TMEM212	0
TMEM213	28
TMEM214	2271
TMEM215	0
TMEM216	181
TMEM217	0
TMEM218	135
TMEM219	2606
TMEM220	314
TMEM221	38
TMEM222	2552
TMEM223	217
TMEM229B	129
TMEM230	683
TMEM231	541
TMEM232	2
TMEM233	0
TMEM234	39
TMEM235	2
TMEM237	69
TMEM238	0
TMEM240	0
TMEM241	228
TMEM242	135
TMEM243	0
TMEM244	0
TMEM245	1167
TMEM248	2638
TMEM249	41
TMEM25	262
TMEM250	424
TMEM251	1378
TMEM252	0
TMEM254	677
TMEM255A	6
TMEM255B	1
TMEM258	748
TMEM259	3556
TMEM26	2
TMEM260	668
TMEM262	4
TMEM263	286
TMEM265	0
TMEM266	0
TMEM267	268
TMEM268	21
TMEM269	2
TMEM271	628
TMEM272	2
TMEM273	751
TMEM275	0
TMEM30A	1280
TMEM30B	63
TMEM33	989
TMEM35A	59
TMEM35B	346
TMEM37	364
TMEM38A	38
TMEM38B	1676
TMEM39A	570
TMEM39B	1306
TMEM40	49
TMEM41A	807
TMEM41B	439
TMEM42	101
TMEM43	1536
TMEM44	99
TMEM45A	0
TMEM47	20
TMEM50A	1942
TMEM50B	782
TMEM51	126
TMEM52	14
TMEM52B	1
TMEM53	232
TMEM54	0
TMEM59	1311
TMEM59L	15
TMEM60	142
TMEM61	0
TMEM62	374
TMEM63A	1636
TMEM63B	63
TMEM63C	27
TMEM64	92
TMEM65	1798
TMEM67	152
TMEM69	279
TMEM70	283
TMEM71	94
TMEM72	0
TMEM74	0
TMEM74B	0
TMEM79	0
TMEM80	110
TMEM81	10
TMEM82	0
TMEM86A	21
TMEM86B	4304
TMEM87A	1949
TMEM88	14
TMEM88B	0
TMEM8B	0
TMEM9	0
TMEM91	3
TMEM92	0
TMEM94	2498
TMEM97	102
TMEM98	82
TMEM9B	564
TMF1	2990
TMIE	0
TMIGD1	4
TMIGD2	3
TMLHE	979
TMOD1	112
TMOD2	3
TMOD4	6377
TMPO	2730
TMPPE	434
TMPRSS12	379
TMPRSS13	9
TMPRSS15	0
TMPRSS2	0
TMPRSS3	0
TMPRSS4	0
TMPRSS5	1
TMPRSS6	66
TMPRSS7	0
TMPRSS9	10
TMSB15B	3396
TMSB4X	15575
TMTC1	645
TMTC2	110
TMTC3	1280
TMTC4	195
TMUB1	1196
TMUB2	941
TMX1	3979
TMX2	1486
TMX3	460
TMX4	3179
TNC	15
TNF	32
TNFAIP1	919
TNFAIP2	150
TNFAIP3	1129
TNFAIP6	5
TNFAIP8	571
TNFAIP8L1	94
TNFAIP8L2	569
TNFAIP8L3	14
TNFRSF11A	121
TNFRSF11B	0
TNFRSF12A	0
TNFRSF13B	24
TNFRSF13C	215
TNFRSF17	1
TNFRSF18	32
TNFRSF19	0
TNFRSF1A	3435
TNFRSF1B	1159
TNFRSF21	219
TNFRSF25	113
TNFRSF4	1310
TNFRSF6B	198
TNFRSF8	7
TNFRSF9	956
TNFSF10	348
TNFSF11	6
TNFSF13B	159
TNFSF14	36
TNFSF15	277
TNFSF18	0
TNFSF8	92
TNFSF9	78
TNIK	2250
TNIP1	8732
TNIP2	579
TNIP3	769
TNK2	813
TNKS	1346
TNKS1BP1	755
TNKS2	2006
TNMD	0
TNN	0
TNNC1	490
TNNC2	1
TNNI1	5
TNNI2	0
TNNI3	0
TNNT1	0
TNNT2	0
TNNT3	8
TNPO1	2215
TNPO2	1974
TNPO3	4189
TNR	5
TNRC18	4351
TNRC6A	1996
TNRC6B	1717
TNRC6C	5802
TNS1	875
TNS2	242
TNS3	49
TNS4	0
TOB1	708
TOB2	4321
TOE1	2203
TOGARAM1	1534
TOGARAM2	1
TOM1	2059
TOM1L1	137
TOM1L2	1149
TOMM20	1651
TOMM20L	38
TOMM22	560
TOMM34	462
TOMM40	388
TOMM40L	1334
TOMM5	364
TOMM6	1237
TOMM7	1839
TOMM70	2359
TONSL	519
TOP1	2696
TOP1MT	32
TOP2A	552
TOP2B	2779
TOP3A	1967
TOP3B	870
TOPAZ1	0
TOPBP1	1635
TOPORS	899
TOR1A	1051
TOR2A	576
TOR3A	132
TOR4A	458
TOX	275
TOX2	901
TOX3	3
TOX4	2108
TP53	1982
TP53BP1	1324
TP53BP2	990
TP53I11	3
TP53I13	1
TP53INP1	375
TP53INP2	1698
TP53RK	124
TP63	7
TP73	43
TPBG	46
TPBGL	0
TPCN1	1472
TPCN2	514
TPD52	401
TPD52L1	7
TPD52L2	6717
TPGS1	295
TPGS2	144
TPH1	163
TPH2	5
TPI1	1103
TPK1	387
TPM1	2218
TPM2	701
TPM3	11631
TPM4	83
TPMT	601
TPO	0
TPP1	2224
TPP2	1062
TPPP3	0
TPR	4831
TPRA1	1556
TPRG1	1
TPRG1L	1909
TPRKB	1149
TPRN	407
TPST1	474
TPST2	1939
TPT1	37013
TPX2	1952
TRA2A	2353
TRA2B	1596
TRABD	696
TRABD2B	0
TRADD	516
TRAF1	471
TRAF2	808
TRAF3	1059
TRAF3IP1	512
TRAF3IP2	42
TRAF3IP3	1518
TRAF4	264
TRAF5	222
TRAF6	904
TRAF7	1163
TRAFD1	914
TRAK1	122
TRAK2	1589
TRAM1	1399
TRAM2	480
TRANK1	7399
TRAP1	1231
TRAPPC1	975
TRAPPC10	2080
TRAPPC11	1421
TRAPPC12	574
TRAPPC13	419
TRAPPC14	654
TRAPPC2	262
TRAPPC2L	219
TRAPPC3	1878
TRAPPC3L	3
TRAPPC4	200
TRAPPC5	1075
TRAPPC6A	131
TRAPPC6B	630
TRAPPC8	1429
TRAPPC9	582
TRARG1	5
TRDMT1	1154
TRDN	0
TREH	1041
TREML1	3035
TRERF1	1698
TREX2	491
TRH	3
TRHDE	0
TRHR	0
TRIAP1	842
TRIB1	1615
TRIB2	21
TRIB3	294
TRIL	137
TRIM13	131
TRIM14	561
TRIM16	0
TRIM2	4171
TRIM23	1945
TRIM24	999
TRIM28	4201
TRIM29	0
TRIM3	1975
TRIM32	1216
TRIM33	1775
TRIM35	173
TRIM36	393
TRIM37	1671
TRIM41	1711
TRIM42	0
TRIM44	629
TRIM45	32
TRIM46	393
TRIM47	305
TRIM50	0
TRIM54	14
TRIM55	1
TRIM56	438
TRIM59	835
TRIM62	14
TRIM63	1
TRIM65	329
TRIM66	74
TRIM67	0
TRIM69	71
TRIM7	563
TRIM71	1
TRIM72	0
TRIM8	1284
TRIM9	145
TRIO	1020
TRIP10	3963
TRIP11	1798
TRIP12	5849
TRIP13	121
TRIP4	767
TRIP6	4
TRIQK	156
TRIR	958
TRIT1	992
TRMT1	1183
TRMT10A	478
TRMT10B	521
TRMT10C	228
TRMT11	408
TRMT112	438
TRMT12	548
TRMT13	120
TRMT1L	768
TRMT2A	642
TRMT2B	3
TRMT44	520
TRMT5	114
TRMT6	655
TRMT61A	171
TRMT61B	193
TRMT9B	1
TRMU	434
TRNAA-AGC	0
TRNAA-AGC_1	0
TRNAA-AGC_2	0
TRNAA-AGC_3	0
TRNAA-AGC_4	1
TRNAA-AGC_5	0
TRNAA-AGC_6	0
TRNAA-AGC_7	0
TRNAA-AGC_8	0
TRNAA-CGC	0
TRNAA-CGC_1	0
TRNAA-CGC_2	0
TRNAA-CGC_3	0
TRNAA-CGC_4	0
TRNAA-CGC_5	0
TRNAA-CGC_6	0
TRNAA-CGC_7	0
TRNAA-CGC_8	0
TRNAA-GGC	0
TRNAA-GGC_1	0
TRNAA-GGC_2	0
TRNAA-GGC_3	0
TRNAA-GGC_4	0
TRNAA-UGC	0
TRNAA-UGC_1	0
TRNAA-UGC_10	0
TRNAA-UGC_11	0
TRNAA-UGC_12	0
TRNAA-UGC_13	0
TRNAA-UGC_14	0
TRNAA-UGC_15	0
TRNAA-UGC_16	0
TRNAA-UGC_17	1
TRNAA-UGC_18	1
TRNAA-UGC_19	0
TRNAA-UGC_2	0
TRNAA-UGC_20	0
TRNAA-UGC_21	1
TRNAA-UGC_22	0
TRNAA-UGC_23	0
TRNAA-UGC_3	1
TRNAA-UGC_4	0
TRNAA-UGC_5	1
TRNAA-UGC_6	0
TRNAA-UGC_7	0
TRNAA-UGC_8	0
TRNAA-UGC_9	0
TRNAC-GCA	0
TRNAC-GCA_1	0
TRNAC-GCA_10	0
TRNAC-GCA_11	0
TRNAC-GCA_12	0
TRNAC-GCA_13	0
TRNAC-GCA_14	0
TRNAC-GCA_15	0
TRNAC-GCA_16	0
TRNAC-GCA_17	0
TRNAC-GCA_18	0
TRNAC-GCA_19	0
TRNAC-GCA_2	0
TRNAC-GCA_20	0
TRNAC-GCA_21	0
TRNAC-GCA_22	0
TRNAC-GCA_23	0
TRNAC-GCA_24	0
TRNAC-GCA_3	0
TRNAC-GCA_4	0
TRNAC-GCA_5	0
TRNAC-GCA_6	10
TRNAC-GCA_7	0
TRNAC-GCA_8	0
TRNAC-GCA_9	0
TRNAD-GUC	0
TRNAD-GUC_1	0
TRNAD-GUC_10	0
TRNAD-GUC_11	0
TRNAD-GUC_2	0
TRNAD-GUC_3	0
TRNAD-GUC_4	0
TRNAD-GUC_5	0
TRNAD-GUC_6	0
TRNAD-GUC_7	0
TRNAD-GUC_8	0
TRNAD-GUC_9	0
TRNAE-CUC	0
TRNAE-CUC_1	0
TRNAE-CUC_10	0
TRNAE-CUC_11	0
TRNAE-CUC_12	0
TRNAE-CUC_13	0
TRNAE-CUC_14	0
TRNAE-CUC_15	0
TRNAE-CUC_16	0
TRNAE-CUC_17	0
TRNAE-CUC_18	0
TRNAE-CUC_2	0
TRNAE-CUC_3	0
TRNAE-CUC_4	0
TRNAE-CUC_5	0
TRNAE-CUC_6	0
TRNAE-CUC_7	0
TRNAE-CUC_8	0
TRNAE-CUC_9	0
TRNAE-UUC	0
TRNAE-UUC_1	0
TRNAE-UUC_10	0
TRNAE-UUC_11	0
TRNAE-UUC_12	0
TRNAE-UUC_2	0
TRNAE-UUC_3	0
TRNAE-UUC_4	0
TRNAE-UUC_5	0
TRNAE-UUC_6	0
TRNAE-UUC_7	0
TRNAE-UUC_8	0
TRNAE-UUC_9	0
TRNAF-GAA	0
TRNAF-GAA_1	0
TRNAF-GAA_10	2
TRNAF-GAA_11	0
TRNAF-GAA_12	0
TRNAF-GAA_13	2
TRNAF-GAA_14	12
TRNAF-GAA_15	0
TRNAF-GAA_16	0
TRNAF-GAA_17	4
TRNAF-GAA_18	0
TRNAF-GAA_19	0
TRNAF-GAA_2	0
TRNAF-GAA_20	1
TRNAF-GAA_21	0
TRNAF-GAA_22	0
TRNAF-GAA_23	0
TRNAF-GAA_24	0
TRNAF-GAA_25	0
TRNAF-GAA_26	0
TRNAF-GAA_27	0
TRNAF-GAA_28	0
TRNAF-GAA_29	0
TRNAF-GAA_3	0
TRNAF-GAA_30	0
TRNAF-GAA_31	0
TRNAF-GAA_4	2
TRNAF-GAA_5	0
TRNAF-GAA_6	0
TRNAF-GAA_7	0
TRNAF-GAA_8	0
TRNAF-GAA_9	40
TRNAG-CCC	0
TRNAG-CCC_1	0
TRNAG-GCC	0
TRNAG-GCC_1	0
TRNAG-GCC_10	0
TRNAG-GCC_11	0
TRNAG-GCC_12	0
TRNAG-GCC_13	0
TRNAG-GCC_14	0
TRNAG-GCC_15	0
TRNAG-GCC_16	0
TRNAG-GCC_17	0
TRNAG-GCC_18	1
TRNAG-GCC_19	0
TRNAG-GCC_2	0
TRNAG-GCC_20	0
TRNAG-GCC_21	0
TRNAG-GCC_22	0
TRNAG-GCC_23	9
TRNAG-GCC_24	0
TRNAG-GCC_25	0
TRNAG-GCC_26	0
TRNAG-GCC_27	0
TRNAG-GCC_3	0
TRNAG-GCC_4	0
TRNAG-GCC_5	0
TRNAG-GCC_6	0
TRNAG-GCC_7	0
TRNAG-GCC_8	0
TRNAG-GCC_9	0
TRNAG-UCC	0
TRNAG-UCC_1	0
TRNAG-UCC_10	0
TRNAG-UCC_11	0
TRNAG-UCC_12	0
TRNAG-UCC_13	5
TRNAG-UCC_14	0
TRNAG-UCC_15	0
TRNAG-UCC_16	0
TRNAG-UCC_17	0
TRNAG-UCC_18	0
TRNAG-UCC_19	2
TRNAG-UCC_2	0
TRNAG-UCC_20	0
TRNAG-UCC_21	0
TRNAG-UCC_22	0
TRNAG-UCC_23	0
TRNAG-UCC_24	0
TRNAG-UCC_25	0
TRNAG-UCC_26	0
TRNAG-UCC_3	0
TRNAG-UCC_4	0
TRNAG-UCC_5	0
TRNAG-UCC_6	0
TRNAG-UCC_7	0
TRNAG-UCC_8	0
TRNAG-UCC_9	0
TRNAH-GUG	0
TRNAH-GUG_1	0
TRNAH-GUG_2	0
TRNAH-GUG_3	0
TRNAH-GUG_4	0
TRNAH-GUG_5	0
TRNAH-GUG_6	0
TRNAH-GUG_7	0
TRNAH-GUG_8	0
TRNAH-GUG_9	1
TRNAI-AAU	0
TRNAI-AAU_1	0
TRNAI-AAU_10	0
TRNAI-AAU_11	0
TRNAI-AAU_12	0
TRNAI-AAU_13	0
TRNAI-AAU_14	1
TRNAI-AAU_15	0
TRNAI-AAU_16	0
TRNAI-AAU_17	3
TRNAI-AAU_18	0
TRNAI-AAU_2	0
TRNAI-AAU_3	1
TRNAI-AAU_4	3
TRNAI-AAU_5	0
TRNAI-AAU_6	0
TRNAI-AAU_7	0
TRNAI-AAU_8	0
TRNAI-AAU_9	0
TRNAI-UAU	0
TRNAI-UAU_1	0
TRNAI-UAU_10	0
TRNAI-UAU_11	0
TRNAI-UAU_12	1
TRNAI-UAU_13	0
TRNAI-UAU_2	0
TRNAI-UAU_3	0
TRNAI-UAU_4	0
TRNAI-UAU_5	0
TRNAI-UAU_6	0
TRNAI-UAU_7	0
TRNAI-UAU_8	0
TRNAI-UAU_9	0
TRNAK-CUU	0
TRNAK-CUU_1	0
TRNAK-CUU_10	2
TRNAK-CUU_11	0
TRNAK-CUU_12	0
TRNAK-CUU_13	0
TRNAK-CUU_14	0
TRNAK-CUU_15	0
TRNAK-CUU_16	0
TRNAK-CUU_17	0
TRNAK-CUU_18	0
TRNAK-CUU_19	0
TRNAK-CUU_2	0
TRNAK-CUU_20	0
TRNAK-CUU_3	0
TRNAK-CUU_4	0
TRNAK-CUU_5	0
TRNAK-CUU_6	0
TRNAK-CUU_7	0
TRNAK-CUU_8	0
TRNAK-CUU_9	0
TRNAK-UUU	0
TRNAK-UUU_1	0
TRNAK-UUU_10	0
TRNAK-UUU_11	0
TRNAK-UUU_12	0
TRNAK-UUU_13	0
TRNAK-UUU_14	0
TRNAK-UUU_15	0
TRNAK-UUU_16	0
TRNAK-UUU_17	0
TRNAK-UUU_18	0
TRNAK-UUU_19	0
TRNAK-UUU_2	0
TRNAK-UUU_20	0
TRNAK-UUU_21	0
TRNAK-UUU_22	0
TRNAK-UUU_23	0
TRNAK-UUU_24	0
TRNAK-UUU_25	0
TRNAK-UUU_26	0
TRNAK-UUU_27	0
TRNAK-UUU_28	0
TRNAK-UUU_29	0
TRNAK-UUU_3	0
TRNAK-UUU_30	0
TRNAK-UUU_31	0
TRNAK-UUU_32	0
TRNAK-UUU_33	2
TRNAK-UUU_34	0
TRNAK-UUU_35	0
TRNAK-UUU_4	0
TRNAK-UUU_5	0
TRNAK-UUU_6	0
TRNAK-UUU_7	0
TRNAK-UUU_8	0
TRNAK-UUU_9	0
TRNAL-AAG	0
TRNAL-AAG_1	0
TRNAL-AAG_10	0
TRNAL-AAG_11	0
TRNAL-AAG_12	0
TRNAL-AAG_13	0
TRNAL-AAG_14	0
TRNAL-AAG_15	0
TRNAL-AAG_16	0
TRNAL-AAG_17	0
TRNAL-AAG_18	0
TRNAL-AAG_19	0
TRNAL-AAG_2	0
TRNAL-AAG_3	0
TRNAL-AAG_4	0
TRNAL-AAG_5	0
TRNAL-AAG_6	0
TRNAL-AAG_7	0
TRNAL-AAG_8	0
TRNAL-AAG_9	0
TRNAL-CAA	0
TRNAL-CAA_1	0
TRNAL-CAA_2	0
TRNAL-CAA_3	1
TRNAL-CAA_4	0
TRNAL-CAA_5	0
TRNAL-CAG	0
TRNAL-CAG_1	0
TRNAL-CAG_10	0
TRNAL-CAG_11	0
TRNAL-CAG_12	0
TRNAL-CAG_13	0
TRNAL-CAG_14	0
TRNAL-CAG_2	0
TRNAL-CAG_3	0
TRNAL-CAG_4	0
TRNAL-CAG_5	0
TRNAL-CAG_6	0
TRNAL-CAG_7	0
TRNAL-CAG_8	0
TRNAL-CAG_9	0
TRNAL-UAA	0
TRNAL-UAA_1	0
TRNAL-UAA_2	0
TRNAL-UAA_3	0
TRNAL-UAA_4	0
TRNAL-UAG	0
TRNAL-UAG_1	0
TRNAL-UAG_2	0
TRNAM-CAU	0
TRNAM-CAU_1	0
TRNAM-CAU_10	0
TRNAM-CAU_11	0
TRNAM-CAU_12	1
TRNAM-CAU_13	0
TRNAM-CAU_14	1
TRNAM-CAU_15	0
TRNAM-CAU_16	0
TRNAM-CAU_17	0
TRNAM-CAU_18	0
TRNAM-CAU_19	0
TRNAM-CAU_2	0
TRNAM-CAU_20	0
TRNAM-CAU_21	2
TRNAM-CAU_22	0
TRNAM-CAU_23	0
TRNAM-CAU_24	0
TRNAM-CAU_25	0
TRNAM-CAU_26	0
TRNAM-CAU_27	0
TRNAM-CAU_28	0
TRNAM-CAU_29	0
TRNAM-CAU_3	0
TRNAM-CAU_30	0
TRNAM-CAU_31	0
TRNAM-CAU_32	0
TRNAM-CAU_4	0
TRNAM-CAU_5	0
TRNAM-CAU_6	0
TRNAM-CAU_7	1
TRNAM-CAU_8	0
TRNAM-CAU_9	0
TRNAN-AUU	0
TRNAN-GUU	1
TRNAN-GUU_1	0
TRNAN-GUU_10	0
TRNAN-GUU_11	0
TRNAN-GUU_12	0
TRNAN-GUU_13	0
TRNAN-GUU_14	0
TRNAN-GUU_15	0
TRNAN-GUU_16	0
TRNAN-GUU_17	0
TRNAN-GUU_18	1
TRNAN-GUU_19	0
TRNAN-GUU_2	1
TRNAN-GUU_20	0
TRNAN-GUU_21	0
TRNAN-GUU_22	0
TRNAN-GUU_23	0
TRNAN-GUU_3	0
TRNAN-GUU_4	0
TRNAN-GUU_5	2
TRNAN-GUU_6	0
TRNAN-GUU_7	0
TRNAN-GUU_8	0
TRNAN-GUU_9	0
TRNAP-AGG	0
TRNAP-AGG_1	0
TRNAP-AGG_2	0
TRNAP-AGG_3	0
TRNAP-AGG_4	0
TRNAP-AGG_5	0
TRNAP-AGG_6	0
TRNAP-AGG_7	0
TRNAP-CGG	0
TRNAP-CGG_1	0
TRNAP-CGG_2	0
TRNAP-UGG	0
TRNAP-UGG_1	0
TRNAP-UGG_2	0
TRNAP-UGG_3	2
TRNAP-UGG_4	0
TRNAP-UGG_5	0
TRNAQ-CUG	0
TRNAQ-CUG_1	0
TRNAQ-CUG_10	3
TRNAQ-CUG_11	0
TRNAQ-CUG_12	0
TRNAQ-CUG_13	0
TRNAQ-CUG_14	0
TRNAQ-CUG_15	7
TRNAQ-CUG_16	0
TRNAQ-CUG_17	0
TRNAQ-CUG_2	0
TRNAQ-CUG_3	0
TRNAQ-CUG_4	0
TRNAQ-CUG_5	0
TRNAQ-CUG_6	0
TRNAQ-CUG_7	0
TRNAQ-CUG_8	0
TRNAQ-CUG_9	0
TRNAQ-UUG	0
TRNAQ-UUG_1	0
TRNAQ-UUG_2	0
TRNAQ-UUG_3	0
TRNAQ-UUG_4	0
TRNAQ-UUG_5	0
TRNAR-ACG	0
TRNAR-ACG_1	0
TRNAR-ACG_10	0
TRNAR-ACG_11	0
TRNAR-ACG_12	0
TRNAR-ACG_13	0
TRNAR-ACG_14	0
TRNAR-ACG_15	0
TRNAR-ACG_16	0
TRNAR-ACG_17	0
TRNAR-ACG_18	0
TRNAR-ACG_19	0
TRNAR-ACG_2	0
TRNAR-ACG_20	0
TRNAR-ACG_21	0
TRNAR-ACG_22	0
TRNAR-ACG_3	0
TRNAR-ACG_4	0
TRNAR-ACG_5	0
TRNAR-ACG_6	0
TRNAR-ACG_7	0
TRNAR-ACG_8	0
TRNAR-ACG_9	0
TRNAR-CCG	0
TRNAR-CCG_1	0
TRNAR-CCG_2	0
TRNAR-CCG_3	0
TRNAR-CCU	0
TRNAR-CCU_1	0
TRNAR-CCU_2	0
TRNAR-CCU_3	0
TRNAR-CCU_4	0
TRNAR-CCU_5	0
TRNAR-UCG	0
TRNAR-UCG_1	0
TRNAR-UCG_2	1
TRNAR-UCG_3	0
TRNAR-UCU	0
TRNAR-UCU_1	6
TRNAR-UCU_2	0
TRNAR-UCU_3	0
TRNAR-UCU_4	0
TRNAR-UCU_5	0
TRNAR-UCU_6	0
TRNAR-UCU_7	0
TRNAS-AGA	0
TRNAS-AGA_1	0
TRNAS-AGA_10	0
TRNAS-AGA_11	0
TRNAS-AGA_12	0
TRNAS-AGA_13	1
TRNAS-AGA_14	0
TRNAS-AGA_15	0
TRNAS-AGA_16	0
TRNAS-AGA_17	0
TRNAS-AGA_18	0
TRNAS-AGA_19	0
TRNAS-AGA_2	0
TRNAS-AGA_20	0
TRNAS-AGA_21	0
TRNAS-AGA_22	0
TRNAS-AGA_23	0
TRNAS-AGA_24	0
TRNAS-AGA_25	0
TRNAS-AGA_3	9
TRNAS-AGA_4	0
TRNAS-AGA_5	0
TRNAS-AGA_6	1
TRNAS-AGA_7	0
TRNAS-AGA_8	0
TRNAS-AGA_9	1
TRNAS-CGA	0
TRNAS-CGA_1	0
TRNAS-CGA_10	0
TRNAS-CGA_11	0
TRNAS-CGA_12	0
TRNAS-CGA_13	0
TRNAS-CGA_14	0
TRNAS-CGA_15	0
TRNAS-CGA_2	0
TRNAS-CGA_3	0
TRNAS-CGA_4	0
TRNAS-CGA_5	0
TRNAS-CGA_6	0
TRNAS-CGA_7	0
TRNAS-CGA_8	0
TRNAS-CGA_9	0
TRNAS-GCU	0
TRNAS-GCU_1	0
TRNAS-GCU_10	0
TRNAS-GCU_11	0
TRNAS-GCU_12	0
TRNAS-GCU_13	2
TRNAS-GCU_14	0
TRNAS-GCU_15	0
TRNAS-GCU_16	0
TRNAS-GCU_17	0
TRNAS-GCU_18	0
TRNAS-GCU_19	0
TRNAS-GCU_2	1
TRNAS-GCU_20	0
TRNAS-GCU_3	0
TRNAS-GCU_4	0
TRNAS-GCU_5	0
TRNAS-GCU_6	1
TRNAS-GCU_7	0
TRNAS-GCU_8	0
TRNAS-GCU_9	2
TRNAS-UGA	0
TRNAS-UGA_1	0
TRNAS-UGA_10	0
TRNAS-UGA_11	0
TRNAS-UGA_12	0
TRNAS-UGA_13	0
TRNAS-UGA_14	0
TRNAS-UGA_15	0
TRNAS-UGA_16	0
TRNAS-UGA_17	0
TRNAS-UGA_18	0
TRNAS-UGA_19	0
TRNAS-UGA_2	0
TRNAS-UGA_20	0
TRNAS-UGA_3	0
TRNAS-UGA_4	0
TRNAS-UGA_5	1
TRNAS-UGA_6	0
TRNAS-UGA_7	0
TRNAS-UGA_8	0
TRNAS-UGA_9	0
TRNASTOP-UCA	0
TRNASTOP-UCA_1	0
TRNAT-AGU	0
TRNAT-AGU_1	0
TRNAT-AGU_2	0
TRNAT-AGU_3	0
TRNAT-AGU_4	0
TRNAT-AGU_5	0
TRNAT-AGU_6	0
TRNAT-AGU_7	0
TRNAT-AGU_8	0
TRNAT-AGU_9	0
TRNAT-CGU	0
TRNAT-CGU_1	0
TRNAT-CGU_2	0
TRNAT-CGU_3	0
TRNAT-CGU_4	0
TRNAT-CGU_5	0
TRNAT-UGU	0
TRNAT-UGU_1	0
TRNAT-UGU_10	0
TRNAT-UGU_11	0
TRNAT-UGU_12	0
TRNAT-UGU_13	0
TRNAT-UGU_14	0
TRNAT-UGU_2	0
TRNAT-UGU_3	0
TRNAT-UGU_4	0
TRNAT-UGU_5	0
TRNAT-UGU_6	0
TRNAT-UGU_7	0
TRNAT-UGU_8	0
TRNAT-UGU_9	0
TRNAV-AAC	0
TRNAV-AAC_1	2
TRNAV-AAC_10	0
TRNAV-AAC_11	0
TRNAV-AAC_12	0
TRNAV-AAC_13	0
TRNAV-AAC_14	0
TRNAV-AAC_15	0
TRNAV-AAC_16	0
TRNAV-AAC_17	0
TRNAV-AAC_18	0
TRNAV-AAC_19	0
TRNAV-AAC_2	1
TRNAV-AAC_20	0
TRNAV-AAC_21	0
TRNAV-AAC_22	0
TRNAV-AAC_23	0
TRNAV-AAC_24	0
TRNAV-AAC_3	0
TRNAV-AAC_4	0
TRNAV-AAC_5	0
TRNAV-AAC_6	0
TRNAV-AAC_7	1
TRNAV-AAC_8	0
TRNAV-AAC_9	0
TRNAV-CAC	0
TRNAV-CAC_1	0
TRNAV-CAC_10	0
TRNAV-CAC_11	0
TRNAV-CAC_12	0
TRNAV-CAC_13	0
TRNAV-CAC_14	0
TRNAV-CAC_2	0
TRNAV-CAC_3	0
TRNAV-CAC_4	0
TRNAV-CAC_5	0
TRNAV-CAC_6	0
TRNAV-CAC_7	0
TRNAV-CAC_8	0
TRNAV-CAC_9	0
TRNAV-GAC	0
TRNAV-GAC_1	0
TRNAV-GAC_2	0
TRNAV-UAC	0
TRNAV-UAC_1	0
TRNAV-UAC_2	0
TRNAV-UAC_3	0
TRNAV-UAC_4	0
TRNAV-UAC_5	0
TRNAV-UAC_6	0
TRNAV-UAC_7	0
TRNAV-UAC_8	0
TRNAW-CCA	3
TRNAW-CCA_1	0
TRNAW-CCA_10	0
TRNAW-CCA_11	0
TRNAW-CCA_12	0
TRNAW-CCA_13	0
TRNAW-CCA_14	0
TRNAW-CCA_15	0
TRNAW-CCA_16	0
TRNAW-CCA_17	0
TRNAW-CCA_18	0
TRNAW-CCA_19	0
TRNAW-CCA_2	0
TRNAW-CCA_20	0
TRNAW-CCA_3	0
TRNAW-CCA_4	0
TRNAW-CCA_5	0
TRNAW-CCA_6	0
TRNAW-CCA_7	0
TRNAW-CCA_8	0
TRNAW-CCA_9	0
TRNAY-GUA	0
TRNAY-GUA_1	0
TRNAY-GUA_10	0
TRNAY-GUA_11	0
TRNAY-GUA_2	0
TRNAY-GUA_3	0
TRNAY-GUA_4	0
TRNAY-GUA_5	0
TRNAY-GUA_6	0
TRNAY-GUA_7	0
TRNAY-GUA_8	0
TRNAY-GUA_9	0
TRNP1	0
TRNT1	737
TRPA1	0
TRPC1	2284
TRPC3	2446
TRPC4	0
TRPC5	0
TRPC6	18
TRPC7	0
TRPM1	5
TRPM2	15
TRPM3	53
TRPM4	0
TRPM5	3
TRPM6	2
TRPM7	1721
TRPM8	0
TRPS1	87
TRPT1	253
TRPV1	11
TRPV2	3219
TRPV3	0
TRPV4	187
TRUB1	93
TRUB2	851
TSACC	110
TSC1	6524
TSC2	2452
TSC22D1	2030
TSC22D2	1091
TSC22D3	11904
TSC22D4	1770
TSEN15	530
TSEN2	714
TSEN54	105
TSFM	347
TSG101	2210
TSGA10	0
TSGA13	0
TSHB	0
TSHR	0
TSHZ1	160
TSHZ2	37
TSHZ3	6
TSKU	45
TSN	1524
TSNARE1	316
TSNAX	785
TSNAXIP1	7
TSPAN1	119
TSPAN10	2
TSPAN12	4
TSPAN13	0
TSPAN14	19281
TSPAN15	8
TSPAN16	0
TSPAN18	1
TSPAN19	0
TSPAN2	671
TSPAN3	945
TSPAN31	4171
TSPAN32	2880
TSPAN33	115
TSPAN4	8
TSPAN5	1434
TSPAN6	593
TSPAN7	668
TSPAN8	0
TSPAN9	2378
TSPEAR	3
TSPO	382
TSPO2	6354
TSPOAP1	147
TSR1	2519
TSR2	136
TSR3	1274
TSSC4	4629
TSSK3	8
TSSK4	0
TST	0
TSTD1	164
TSTD2	1624
TSTD3	333
TTBK1	58
TTBK2	668
TTC1	833
TTC12	36
TTC13	194
TTC14	2732
TTC16	34
TTC17	2252
TTC19	824
TTC21A	17
TTC21B	814
TTC22	0
TTC23L	18
TTC24	0
TTC26	190
TTC27	231
TTC28	359
TTC29	0
TTC3	2581
TTC30B	548
TTC31	2833
TTC32	841
TTC33	853
TTC34	0
TTC36	57
TTC37	1405
TTC39A	3
TTC39B	493
TTC39C	600
TTC4	752
TTC5	860
TTC6	2
TTC7A	644
TTC7B	321
TTC8	4
TTC9	19
TTC9B	0
TTC9C	403
TTF1	830
TTF2	142
TTI1	740
TTI2	232
TTK	62
TTL	3595
TTLL1	1686
TTLL10	1
TTLL11	330
TTLL12	377
TTLL2	52
TTLL3	17
TTLL4	1688
TTLL5	377
TTLL6	2
TTLL7	0
TTLL8	2
TTLL9	3
TTN	0
TTPA	2131
TTPAL	808
TTYH1	0
TTYH2	454
TTYH3	4430
TUB	0
TUBA4A	6710
TUBB	6433
TUBB1	15415
TUBB3	6
TUBB4A	608
TUBB4B	2464
TUBB6	73
TUBD1	739
TUBE1	248
TUBG1	1427
TUBGCP2	844
TUBGCP3	1274
TUBGCP4	1592
TUBGCP5	547
TUBGCP6	1928
TUFM	1453
TUFT1	614
TULP1	93
TULP2	0
TULP3	591
TULP4	741
TUSC1	1087
TUSC2	1821
TUSC3	6
TUT1	639
TUT4	3269
TVP23A	50
TWF1	153
TWF2	3674
TWIST1	0
TWIST2	0
TWNK	557
TWSG1	923
TXLNA	1338
TXLNB	0
TXLNG	1036
TXN	1995
TXN2	585
TXNDC11	860
TXNDC12	269
TXNDC15	300
TXNDC16	333
TXNDC17	418
TXNDC5	645
TXNDC9	911
TXNL1	1709
TXNL4A	279
TXNL4B	151
TXNRD1	408
TXNRD2	2394
TXNRD3	1759
TYK2	2185
TYMS	52
TYR	0
TYRO3	173
TYRP1	0
TYSND1	513
TYW3	337
TYW5	533
U2AF1	1754
U2AF1L4	391
U2AF2	6434
UACA	179
UAP1	966
UAP1L1	469
UBA1	4767
UBA2	1381
UBA3	874
UBA5	879
UBA52	8456
UBA6	1180
UBA7	1567
UBAC1	590
UBAC2	662
UBALD1	565
UBALD2	1349
UBAP1	1913
UBAP1L	108
UBAP2	1552
UBAP2L	6659
UBASH3A	180
UBASH3B	407
UBB	26363
UBC	4899
UBE2A	1581
UBE2B	692
UBE2C	58
UBE2D1	533
UBE2D2	2124
UBE2D3	6660
UBE2E1	569
UBE2E3	145
UBE2F	719
UBE2G1	1038
UBE2G2	4119
UBE2H	4365
UBE2I	1229
UBE2J1	1957
UBE2J2	2039
UBE2K	1238
UBE2L3	1197
UBE2L6	967
UBE2M	3008
UBE2N	945
UBE2O	2127
UBE2Q1	5250
UBE2Q2	1403
UBE2QL1	3
UBE2R2	9605
UBE2S	581
UBE2T	54
UBE2U	0
UBE2V2	558
UBE2W	408
UBE2Z	1135
UBE3A	2678
UBE3B	5432
UBE3C	1513
UBE3D	219
UBE4A	4420
UBE4B	1824
UBFD1	2350
UBIAD1	869
UBL3	3690
UBL4A	533
UBL5	494
UBL7	3268
UBLCP1	529
UBN1	3210
UBN2	2821
UBOX5	398
UBP1	1392
UBQLN1	2397
UBQLN4	4290
UBR1	1723
UBR2	4640
UBR3	2040
UBR4	10083
UBR5	5422
UBR7	946
UBTD1	680
UBTD2	153
UBTF	2045
UBXN1	1699
UBXN10	18
UBXN11	79
UBXN2A	1008
UBXN2B	8
UBXN4	1956
UBXN6	1777
UBXN7	2092
UCHL1	17
UCHL3	355
UCHL5	370
UCK1	780
UCK2	889
UCKL1	1472
UCMA	9
UCN	1
UCN3	0
UCP3	13
UEVLD	440
UFC1	1053
UFD1	1135
UFL1	1066
UFM1	332
UFSP1	17
UFSP2	510
UGCG	587
UGDH	338
UGGT1	1876
UGGT2	2
UGP2	1204
UGT8	0
UHMK1	1775
UHRF1	487
UHRF1BP1	1808
UHRF1BP1L	1051
UHRF2	1173
UIMC1	1201
ULK1	3354
ULK2	1525
ULK3	1616
ULK4	85
UMAD1	417
UMODL1	1
UMPS	299
UNC119	460
UNC119B	3255
UNC13B	85
UNC13C	0
UNC13D	2122
UNC45A	3535
UNC45B	5
UNC50	254
UNC5A	150
UNC5B	159
UNC5C	0
UNC5D	0
UNC79	0
UNC80	15
UNC93A	347
UNC93B1	565
UNCX	0
UNG	238
UNK	1467
UNKL	571
UPB1	621
UPF1	7293
UPF2	4899
UPF3A	0
UPF3B	4031
UPK1A	0
UPK1B	0
UPK2	0
UPK3A	0
UPP1	66
UPP2	0
UPRT	311
URB1	688
URB2	1039
URI1	1187
URM1	112
UROC1	14
UROD	2169
UROS	1527
USB1	1371
USE1	255
USF1	3798
USF2	6386
USF3	624
USH1C	0
USH1G	0
USH2A	0
USHBP1	0
USO1	3081
USP1	1047
USP10	1778
USP11	1177
USP12	861
USP13	1
USP14	953
USP15	1106
USP16	630
USP18	170
USP19	3856
USP2	127
USP20	1339
USP21	1140
USP22	1008
USP24	3413
USP25	1301
USP28	1590
USP3	1338
USP30	872
USP31	817
USP32	1519
USP33	1130
USP34	3069
USP35	25
USP36	843
USP37	888
USP38	1084
USP39	1832
USP40	1948
USP42	421
USP43	0
USP44	969
USP45	386
USP46	144
USP47	4869
USP48	3565
USP49	944
USP5	1508
USP50	197
USP53	473
USP54	1143
USP6NL	402
USP7	3489
USP8	2255
USP9X	7982
USPL1	3241
UST	235
UTP11	2596
UTP14A	839
UTP15	714
UTP18	557
UTP20	693
UTP23	347
UTP25	648
UTP3	643
UTP4	1376
UTP6	664
UTRN	984
UTS2	0
UTS2B	0
UVRAG	652
UVSSA	1194
UXS1	1021
VAC14	2079
VAMP1	52
VAMP2	1459
VAMP3	1655
VAMP5	487
VAMP7	1239
VAMP8	750
VANGL1	938
VANGL2	164
VAPA	2169
VAPB	1407
VARS1	1864
VARS2	1674
VASH1	377
VASH2	1
VASN	14
VAT1	63
VAT1L	0
VAV1	500
VAV2	88
VAV3	2063
VAX1	0
VAX2	0
VBP1	802
VCAM1	18
VCAN	0
VCL	6310
VCPIP1	2850
VCPKMT	519
VDAC1	5836
VDAC2	2929
VDAC3	910
VDR	966
VEGFA	111
VEGFB	3
VEGFC	2983
VEGFD	0
VEPH1	9
VEZF1	2743
VEZT	461
VGLL1	629
VGLL2	0
VGLL3	0
VGLL4	450
VHL	1050
VIL1	1
VILL	0
VIM	16162
VIPAS39	2335
VIPR2	0
VIRMA	1814
VIT	0
VKORC1L1	476
VLDLR	1427
VMA21	1186
VMAC	861
VMP1	658
VOPP1	259
VPS11	2290
VPS13A	3332
VPS13B	1280
VPS13C	3894
VPS13D	2312
VPS16	1871
VPS18	1318
VPS25	575
VPS26A	1929
VPS26B	1185
VPS26C	734
VPS28	2493
VPS29	659
VPS33A	1381
VPS33B	4436
VPS35	1565
VPS35L	1148
VPS36	1517
VPS37A	1081
VPS37B	1523
VPS37C	658
VPS37D	375
VPS39	2530
VPS41	1354
VPS45	895
VPS4A	4935
VPS4B	1211
VPS50	806
VPS51	1180
VPS52	1662
VPS53	1705
VPS54	1512
VPS72	896
VPS8	665
VPS9D1	582
VRK1	378
VRK2	210
VRK3	1415
VRTN	0
VSIG1	18
VSIG10	275
VSIG10L	98
VSIG10L2	0
VSIG2	2
VSIG4	151
VSIG8	0
VSIR	2453
VSNL1	0
VSTM2A	0
VSTM2B	0
VSTM2L	4
VSTM4	0
VSTM5	0
VSX1	1
VSX2	0
VTA1	1351
VTCN1	0
VTI1A	456
VTI1B	660
VTN	41
VWA1	4
VWA2	8
VWA3A	9
VWA3B	2
VWA5B1	0
VWA5B2	105
VWA7	7472
VWA8	512
VWC2	0
VWC2L	3
VWCE	64
VWDE	3
VWF	116
VXN	0
WAC	3166
WAPL	3487
WARS1	613
WARS2	344
WAS	1211
WASF1	2
WASF2	4522
WASF3	22
WASHC1	625
WASHC3	1528
WASHC4	1568
WASHC5	1549
WASL	239
WBP1	2767
WBP11	2551
WBP1L	7326
WBP2	2292
WBP2NL	6378
WBP4	862
WDFY1	1008
WDFY2	219
WDFY3	2129
WDFY4	1396
WDHD1	195
WDR1	2501
WDR11	1440
WDR12	759
WDR13	1438
WDR17	1
WDR18	698
WDR19	123
WDR20	745
WDR24	862
WDR25	210
WDR26	3153
WDR27	0
WDR3	1771
WDR31	1
WDR33	1938
WDR35	466
WDR36	1118
WDR37	1037
WDR4	283
WDR41	258
WDR43	1100
WDR44	1968
WDR45	2130
WDR45B	1071
WDR46	665
WDR47	140
WDR48	940
WDR49	0
WDR5	3288
WDR53	565
WDR54	422
WDR55	971
WDR59	1798
WDR6	507
WDR61	481
WDR62	138
WDR64	1
WDR7	700
WDR70	537
WDR72	0
WDR73	732
WDR74	629
WDR75	1047
WDR76	1331
WDR77	140
WDR81	2843
WDR82	2024
WDR83	984
WDR83OS	357
WDR86	191
WDR88	0
WDR89	238
WDR90	1566
WDR91	1816
WDR92	582
WDR93	72
WDR97	0
WDSUB1	244
WDTC1	5591
WEE1	509
WEE2	7
WFDC1	1
WFIKKN1	9
WFIKKN2	0
WFS1	311
WHAMM	1431
WHRN	6
WIF1	0
WIPF1	3259
WIPF2	1086
WIPF3	1032
WIPI1	537
WIPI2	4766
WIZ	2482
WLS	852
WNK1	3917
WNK2	5
WNK3	221
WNK4	13457
WNT1	0
WNT10A	0
WNT10B	0
WNT11	0
WNT16	11
WNT2	0
WNT2B	0
WNT3	0
WNT3A	0
WNT4	0
WNT5A	24
WNT5B	4
WNT6	0
WNT7A	1
WNT7B	0
WNT8A	3
WNT8B	0
WNT9A	1
WNT9B	0
WRAP53	1084
WRAP73	785
WRN	1335
WRNIP1	351
WSB1	2654
WSB2	932
WSCD1	0
WSCD2	0
WT1	4
WWC1	1
WWC2	72
WWC3	27
WWOX	290
WWP1	437
WWP2	2138
WWTR1	108
XAB2	2297
XAF1	1010
XBP1	1300
XCR1	2
XDH	23271
XG	0
XIRP1	0
XIRP2	90
XK	133
XKR4	0
XKR5	23
XKR7	0
XKR8	2944
XKR9	3
XKRX	141
XPA	1687
XPC	1605
XPNPEP1	933
XPNPEP2	1
XPNPEP3	632
XPO1	1882
XPO4	560
XPO5	2453
XPO6	2791
XPO7	8245
XPOT	862
XPR1	763
XRCC1	3187
XRCC2	920
XRCC3	95
XRCC4	102
XRCC5	916
XRCC6	812
XRN1	3566
XRN2	2300
XRRA1	33
XXYLT1	393
XYLB	55
XYLT1	522
XYLT2	909
YAE1	372
YAF2	584
YAP1	239
YARS1	1078
YARS2	912
YBEY	431
YBX1	8269
YBX2	1
YBX3	15142
YDJC	262
YEATS2	2113
YEATS4	1493
YES1	349
YIF1A	860
YIF1B	1926
YIPF1	942
YIPF2	1088
YIPF3	5397
YIPF4	1700
YIPF5	863
YIPF6	972
YIPF7	7
YJEFN3	126
YJU2	1116
YKT6	1968
YLPM1	2627
YME1L1	2850
YOD1	684
YPEL1	724
YPEL2	665
YPEL3	7994
YPEL4	271
YPEL5	1183
YRDC	742
YTHDC1	6177
YTHDC2	1607
YTHDF1	2089
YTHDF2	1576
YTHDF3	1142
YWHAB	2603
YWHAE	2930
YWHAG	8176
YWHAH	717
YWHAQ	8562
YWHAZ	2878
YY1	2390
ZADH2	296
ZAR1	24
ZAR1L	21
ZBBX	0
ZBED1	187
ZBED2	377
ZBED4	820
ZBED6CL	521
ZBP1	13
ZBTB1	741
ZBTB10	1275
ZBTB11	1739
ZBTB14	400
ZBTB16	177
ZBTB17	994
ZBTB18	978
ZBTB2	1665
ZBTB20	64
ZBTB21	849
ZBTB22	1205
ZBTB24	758
ZBTB25	14
ZBTB26	349
ZBTB3	342
ZBTB32	7
ZBTB33	471
ZBTB34	767
ZBTB37	642
ZBTB38	127
ZBTB39	782
ZBTB4	1549
ZBTB40	1927
ZBTB41	917
ZBTB42	27
ZBTB43	975
ZBTB44	4322
ZBTB45	955
ZBTB46	2031
ZBTB47	3043
ZBTB48	842
ZBTB5	638
ZBTB6	411
ZBTB7A	1376
ZBTB7B	297
ZBTB7C	5
ZBTB8A	174
ZBTB8B	43
ZBTB8OS	623
ZBTB9	382
ZC2HC1A	323
ZC2HC1B	240
ZC2HC1C	48
ZC3H10	706
ZC3H11A	7541
ZC3H12A	485
ZC3H12B	472
ZC3H12C	221
ZC3H12D	216
ZC3H13	5029
ZC3H14	1044
ZC3H15	1185
ZC3H18	3061
ZC3H3	1303
ZC3H4	8779
ZC3H6	1332
ZC3H7A	1520
ZC3H7B	2019
ZC3HC1	737
ZC4H2	69
ZCCHC10	308
ZCCHC14	973
ZCCHC17	662
ZCCHC2	1346
ZCCHC24	1
ZCCHC4	602
ZCCHC7	281
ZCCHC8	1077
ZCCHC9	575
ZCRB1	1059
ZCWPW1	22
ZCWPW2	3
ZDBF2	745
ZDHHC1	276
ZDHHC12	1000
ZDHHC13	1141
ZDHHC14	1233
ZDHHC15	442
ZDHHC16	407
ZDHHC17	1257
ZDHHC18	1803
ZDHHC19	194
ZDHHC2	969
ZDHHC20	1171
ZDHHC21	45
ZDHHC22	0
ZDHHC23	325
ZDHHC24	2095
ZDHHC3	1141
ZDHHC4	1006
ZDHHC5	1600
ZDHHC6	681
ZDHHC7	1205
ZDHHC8	780
ZDHHC9	2291
ZEB1	1091
ZEB2	3449
ZER1	4109
ZFAND1	310
ZFAND2A	2083
ZFAND2B	2320
ZFAND3	1146
ZFAND4	601
ZFAND5	2527
ZFAND6	406
ZFAT	534
ZFC3H1	2075
ZFHX2	26
ZFHX3	698
ZFHX4	0
ZFP36	4024
ZFP36L1	2650
ZFP36L2	2224
ZFP64	450
ZFP91	3526
ZFPL1	955
ZFPM1	3492
ZFPM2	0
ZFR	2365
ZFX	2323
ZFYVE1	1401
ZFYVE16	1142
ZFYVE19	381
ZFYVE21	911
ZFYVE26	2271
ZFYVE27	1624
ZFYVE28	33
ZFYVE9	709
ZGPAT	812
ZGRF1	34
ZHX1	441
ZHX2	4679
ZHX3	330
ZIC1	0
ZIC2	0
ZIC3	0
ZIC4	1
ZIC5	0
ZMAT2	1380
ZMAT3	190
ZMAT4	35
ZMAT5	966
ZMIZ1	176
ZMIZ2	857
ZMPSTE24	662
ZMYM2	1698
ZMYM3	1051
ZMYM4	1352
ZMYND10	3
ZMYND11	2299
ZMYND12	14
ZMYND15	38
ZMYND19	175
ZMYND8	1292
ZNF106	3536
ZNF131	243
ZNF140	16
ZNF142	3994
ZNF143	620
ZNF148	2803
ZNF185	1
ZNF207	3095
ZNF217	1320
ZNF219	0
ZNF236	1677
ZNF276	3194
ZNF277	169
ZNF280D	1244
ZNF281	319
ZNF292	2010
ZNF318	3899
ZNF319	521
ZNF326	1564
ZNF330	87
ZNF335	18868
ZNF341	763
ZNF346	279
ZNF362	1303
ZNF365	1
ZNF366	19
ZNF367	106
ZNF384	1816
ZNF385A	222
ZNF385B	2
ZNF385C	76
ZNF395	9210
ZNF407	1193
ZNF408	490
ZNF410	1538
ZNF414	2180
ZNF423	140
ZNF436	370
ZNF438	354
ZNF451	509
ZNF462	4459
ZNF467	2210
ZNF469	139
ZNF488	0
ZNF503	25
ZNF507	467
ZNF511	692
ZNF512	1203
ZNF512B	37
ZNF513	747
ZNF516	2613
ZNF518A	559
ZNF518B	60
ZNF521	71
ZNF532	5
ZNF536	0
ZNF541	13
ZNF574	1808
ZNF576	1418
ZNF592	573
ZNF593	1913
ZNF598	1058
ZNF608	30
ZNF609	1454
ZNF618	709
ZNF622	1594
ZNF628	1669
ZNF638	10810
ZNF644	1271
ZNF646	1828
ZNF648	41
ZNF652	3317
ZNF653	1622
ZNF654	736
ZNF668	835
ZNF683	304
ZNF684	505
ZNF687	2304
ZNF688	114
ZNF703	205
ZNF704	24
ZNF706	1009
ZNF710	847
ZNF711	1002
ZNF740	1818
ZNF750	1
ZNF76	865
ZNF768	135
ZNF770	692
ZNF771	513
ZNF800	506
ZNF804A	0
ZNF804B	0
ZNF821	171
ZNF827	241
ZNF830	958
ZNF831	254
ZNF839	894
ZNF865	630
ZNFX1	4387
ZNHIT2	329
ZNHIT3	216
ZNHIT6	142
ZNRD2	576
ZNRF1	403
ZNRF2	450
ZNRF3	177
ZPBP2	0
ZPLD1	2
ZPR1	872
ZRANB1	2562
ZRANB2	3479
ZRANB3	271
ZRSR2	542
ZSWIM1	1241
ZSWIM2	1
ZSWIM3	1210
ZSWIM4	849
ZSWIM5	280
ZSWIM6	602
ZSWIM7	862
ZSWIM8	7030
ZSWIM9	1657
ZUP1	677
ZW10	1007
ZWILCH	57
ZWINT	48
ZXDC	2408
ZYG11B	853
ZYX	2592
ZZEF1	4094
ZZZ3	682
__no_feature	5509545
__ambiguous	141888
__too_low_aQual	0
__not_aligned	0
__alignment_not_unique	697506
